   4.24806254357100       -85.5936008729041        93.3648319728673     
  -33.1004708409309       -192.617596298456        61.3957580821589     
  -12.5018306169659       -48.6103180684149        68.1224645525217     
   35.3450435400009       -115.225137948990        33.7713874727488     
   66.0810066973791       -77.8854282982647        73.5369605096057     
   184.978764846921       -142.140779837966        3.14486904628575     
   157.777648508549        53.9853819161654        127.742755182087     
  -199.233592867851       -147.523214593530        74.8209704682231     
  -95.3524309396744       -150.863641459495        53.7519244551659     
  -99.5606401115656        100.627747058868        69.4141386561096     
   185.148906186223       -95.4277437911369        60.3932333281264     
  -116.252591699362        170.705459054559        58.5440620034933     
   106.345038339496        93.4913725107908        56.1785936672240     
   134.185109116137       -177.890313535929        93.1409423602745     
   170.955142408609       -97.3367857895792        41.3141596615314     
  -157.731604889035       -156.388216398656        84.8805817291141     
  -41.8967415466905        2.43822269886732        102.812577066012     
   141.010545335710        158.922125324607        66.3007533773780     
  -96.1653806380928       -61.5416112542152        8.58276630472392     
   63.1855570226908       -182.164335729554        128.932942815125     
  -26.2310301922262        62.7318385466933        13.4288373142481     
   161.754982724786       -69.0193842947483        38.7442683875561     
   25.8540273495018       -11.1094408575445        19.7684828490019     
  -134.194382250309       -188.841097667813        17.4144965633750     
  -19.0803071409464        37.9166086036712        76.2740798402228     
  -33.2641562223434        102.760627582669        16.5756817460060     
   140.651130110025        23.5109717398882        84.1311261076480     
   155.254755884409        52.1141932979226        35.5082202740014     
   65.8604132719338        143.609382711351        53.0516257435083     
   123.322086557746        186.445876345038        18.4823069721460     
  -151.934386841953        171.357582286000        49.8489069193602     
   7.52231353521347        4.69866564869881        15.8587855175138     
  -11.3861929811537        11.1908128410578        35.3902595154941     
  -173.391699178144        198.108076408505        112.591043338180     
  -51.5942979082465        190.189942277968        76.7263639867306     
   37.0226773321629       -29.9638518542051        96.8545350339264     
  -13.3741745650768       -41.0821334570646        9.67718886956573     
   193.505933135748       -146.135711826384        116.651058979332     
  -164.584055259824       -80.6559361051768        134.322725877166     
   75.1071862876415        133.593984022737        63.5196894556284     
   108.249742798507        169.390815258026        61.2530695796013     
   25.2657180428505       -168.521738171577        71.1206352859735     
   36.4709814339876       -17.1281393356621        84.4036159515381     
  -193.800818890333       -4.53766739368439        41.7931437194347     
  -170.645734556019       -56.3543707579374        73.6097481176257     
   145.119731381536        5.87317824363708        82.4586659818888     
   48.6037997715175        83.4137264713645        72.0880446434021     
  -158.515255820006        43.8540937426733        119.413184948266     
  -181.441708214581        63.4636491294950        95.9870167560875     
   95.7271174192429       -107.105718752369        107.089867487550     
   186.305479288101        64.5929918587208        16.5579269360751     
  -179.163831070065       -180.059787541628        118.063564181328     
   80.3210679292679       -181.006937235594        10.2562794238329     
  -1.02859881520271       -118.225893080235        38.0629697814584     
  -69.2276529073715       -103.084857009351        40.3240641355515     
   105.059471629560        123.817655312130        130.217806458473     
  -48.9811034873128       -62.1837282599881        100.992472328246     
  -53.7927204743028       -179.790553068742        123.275945246220     
   86.7703686431050        97.2814349532127        132.838359922171     
  -62.9891902804375       -74.3788670301437        55.6158259510994     
  -74.6124027073383        133.656954742968        43.7035244572908     
  -95.5271076858044       -114.787103693932        100.280933171511     
   95.8608414232731       -24.9581945947139        48.3506807815284     
   69.4697771668434       -35.5126785188913        85.5210972428322     
  -42.5239174813032       -154.001187205315        120.145964533091     
  -125.054293960333        174.446819908917        23.7860794365406     
  -133.164658337831        47.4552616924047        25.2813246101141     
  -103.790833160281       -183.645246446133        18.5795208513737     
  -99.2545045539737        103.154851421714        29.4484940171242     
   195.452787347138       -172.876489341259        95.0349735133350     
  -117.892805024749       -98.2668873667717        66.7393381893635     
   18.6168444342911       -70.2282951823436        23.9438334703445     
  -77.9961547851562       -47.4776594787836        135.766945660114     
   121.165683832020        40.8233336806297        78.2351445853710     
   136.164034545422       -62.5925368256867        97.3819092810154     
  -110.287129104137       -129.628679417074        111.596338741481     
  -44.4386898241937        162.148500310257        109.351025491953     
   25.6306529790163        122.278277046978        88.2626252174377     
 -0.952268779277802        41.8611343502998        102.759986989200     
  -166.587129965425       -184.456804208457        123.490231081843     
  -78.8321581408381        26.6524829007685        84.1197307109833     
  -183.020117774606       -18.3375848848373        61.4446101039648     
  -85.0832999609411        180.171702265739        116.286839663982     
   120.945030510426        168.803595751524        68.6260648157913     
   87.4704446494579        148.997109383345        3.62510397285223     
   14.8473556339741        53.7825637459755        132.300738863647     
   106.280772417784       -78.8384105563164        87.0101548284292     
   112.302786067128        43.2230148352683        115.489630877972     
   178.657105088234       -51.0690665394068        14.2753470540047     
  -91.0938185527921       -118.726527288556        84.6974464058876     
  -48.5210670828819       -61.7915848791599        78.5266359597445     
  -33.5402939715423       -197.031035721302        105.771446883678     
  -55.8976795971394       -133.182312309742        123.030516803265     
   189.181833364069       -171.043000638485        91.6997546553612     
   127.701753884554        136.685677802190        109.027748063207     
  -69.1162365116179        199.385529618710        6.62471194565296     
   182.846298582852       -65.9453198611736        95.9621699228883     
   99.5489731058478       -10.2227200418711        92.7910317033529     
  -84.9676806628704        136.321855083108        113.351159613580     
   191.408946633339        189.741436421871        115.807503601536     
   160.085319459438        175.520559281111        53.6508709788322     
  -83.5893977731466       -20.8752478361130        136.798593575135     
  -84.6292791292071        48.6951002255082        49.5394943207502     
   185.323623448610        108.305665880442        127.551357556134     
  -73.8325370587409        41.0259068012238        85.2244067713618     
   146.770792614669        131.078230397310        44.9006952941418     
   129.738597132266       -84.9786230325699        27.4632532596588     
  -112.832584780641        162.670154869556        33.9248135685921     
   98.0186241865158       -166.200551986694        57.3605634570122     
  -160.443779758178       -3.17920363694429        59.8336742012762     
  -146.623657591641       -47.4823656976223        41.5380449295044     
   120.884574797004       -46.7118650525808        76.2418955974281     
   114.635465860367       -137.225137948990        139.120454698801     
  -96.0307827070355        35.3242994248867        129.056939333677     
  -145.111335873604        181.710538219661        46.9999438077211     
   114.105297684669       -180.165192626417        105.466357007623     
  -107.297680780292        58.2659729123116        99.4834470152855     
  -44.2586963409558       -122.955663979053        56.9685152769089     
  -110.645746886730        16.0119816660881        34.8843955248594     
   190.525791794062        165.095821350813        61.9407920390368     
  -132.508185774088       -77.8728473186493        26.5698877759278     
  -184.583310693502       -82.9738569855690        140.531844466925     
   97.8798587918282       -195.155542105436        39.6716333478689     
   56.9725950062275        112.451971828938        36.7050154656172     
   179.488095954061       -9.45800253748894        125.598727765493     
  -54.5234839022160       -171.082464933395        30.3587102442980     
  -174.284010708332       -5.76001553982496        19.2198171727359     
  -36.3834837675095        90.2878203988075        11.8560200780630     
   197.188731575385        185.599214076996        16.3271072134376     
  -163.665418416262       -86.3149971663952        30.2608182728291     
  -178.625273630023       -7.29385880567133        28.5206466838717     
   118.156316313893        93.2155481614172        110.313226111233     
  -129.208084493876        155.016303181648        142.182175934315     
   67.7285586223006        169.715064192191        113.080966234207     
  -103.132273767143       -110.051720228046        52.1517641562968     
  -77.4709266722202       -28.3338479399681        61.1418615356088     
   176.298282608390        156.891922410578        20.7397524900734     
  6.824162986595184E-002   189.698354840279        132.193260192871     
   168.096852853894       -54.6841926649213        16.0825011134148     
   193.396770372987        192.152206212282        107.096088886261     
  -167.193895399570       -7.56015858054161        99.8555104737170     
   193.566035367548       -15.6644068863243        83.6702652722597     
   156.880596578121        59.3286765515804        57.8716143369675     
  -100.320329099894        41.2818544954062        46.9093029126525     
   190.112743914127        171.113635361195        38.5928218662739     
  -62.5989803969860        4.51373302936554        87.5435925126076     
   173.369995624293       -133.860210433602        64.5006135106087     
  -63.8668598234653        190.473719954491        16.2208769619465     
   51.8257994055748        24.7470422983170        57.6700288450811     
  -67.0924407392740        92.0831860229373        117.238360273652     
  -152.322854802012        71.9194284677505        86.4389379965141     
  -78.9812106043100       -189.848853990436        91.2228810619563     
  -52.1577157080173       -85.3888145238161        100.409536845982     
  -170.615518730134        117.416032284498        35.9796658363193     
   75.0616705268621       -111.280275411904        56.3586864471436     
  -22.0867589861155       -15.3277114480734        9.37271626293659     
  -174.408485345542       -45.5413045063615        70.3981584608555     
   191.513922214508       -71.5147410854697        26.6655864268541     
  -19.0198568180203       -47.7453834414482        106.421478629112     
  -33.8527706861496        7.67753434181213        121.687439098954     
   26.8242063559592       -129.255758821964        45.7041300535202     
  -56.0362059711479       -103.239706516266        9.74011038243771     
   14.4641198553145        130.926786750555        17.2378097325563     
   137.938717782497       -123.658618450165        54.6333781480789     
   90.9278419315815       -150.162661254406        40.1866715773940     
   62.1487008184195       -57.4081749618053        103.424698777497     
  -157.741547822952       -46.5181811265647        16.4242399632931     
   157.980850771070       -119.118281096220        117.595674037933     
  -59.9897597096860        86.1025164648890        85.3234408199787     
   54.5482779704034       -164.488431051373        50.9385933876038     
  -43.1826002555899       -33.3747444450855        99.9349206984043     
   8.49869167804718       -176.881692418829        127.745336055756     
   27.3093941807747        192.538931086659        22.2377600539476     
  -10.6740849614143       -15.5421687364578        38.4133639335632     
   194.884616434574        46.0947506763041        85.9187546968460     
   117.458722800016       -105.777004362782        32.1882031857967     
   47.5207279920578        52.9422560483217        78.4334200993180     
  -139.081524413079       -90.2685594558716        45.8386502265930     
   99.4990711286664        164.175596192479        98.4870191439986     
   39.9210995510221       -198.758209392428        10.9865010678768     
  -89.8275794065557       -171.354276031256        85.0150235891342     
   33.1259817481041        158.098431186983        129.742233097553     
   48.9264587089419        44.0224878787994        124.066506177187     
  -17.8121069371700        48.7297851741314        57.4684728980064     
   156.236573025584       -171.190728813410        15.8211679775268     
   189.152110107243        105.072535090148        40.0521495342255     
   169.052075594664       -100.673894958571        109.195526666939     
   168.113479316235        57.8669670373201        98.7457537055016     
  -197.555020846426        136.538735374808        31.7799005184788     
   76.1925262697041        24.9112075567245        124.328760862350     
  -72.1801020503044       -139.829018816352        74.0301266312599     
   185.913625523448       -178.280575633049        49.7022349238396     
   150.308371782303       -52.5603916645050        134.144672513008     
  -135.937926173210       -175.517120778561        100.388809502125     
   130.041490934789       -94.4401412308216        56.9700200036168     
  -193.910168103874        32.4625610709190        107.815270915627     
   127.835867077112       -82.0151823163033        91.2336945030838     
   133.281620338559       -14.5998242795467        133.667292326689     
  -169.194638565183        35.3883809149265        16.8982832655311     
  -53.4508215375245       -195.511168599129        105.317046526819     
  -133.649448167533       -76.2617617249489        32.3827561642975     
   165.097745209932       -22.3031628131866        85.2426595618599     
   162.597021110356        37.7764693573117        74.7969512194395     
   79.6474243998528        31.6400806903839        134.705789744854     
   67.0217685401440        102.044478058815        98.3496295511723     
   123.005629450083        64.7018471956253        132.092827081680     
   165.719403505325        113.176029026508        32.8695639967918     
  -86.9733845815063       -187.859345763922        102.855171889067     
   148.353839457035        187.185329198837        71.6675211191177     
   105.449317574501        137.194580432028        106.731490463018     
  -78.3510931730270       -53.7162176370621        7.61503038182855     
  -89.8187040090561       -4.76888665556908        50.5778045468032     
  -29.4704522490501       -63.4887259900570        117.342743709683     
  -192.756213903427        158.598720900714        109.545934721828     
  -194.780109390616       -24.4636049270630        13.6471783928573     
   117.913619740866        138.880379080772        47.6716789603233     
  -166.844694346189        73.9100059680641        85.4148695170879     
   61.3545310199261        60.5069662928581        66.7653002142906     
   33.3236404657364       -169.699602767825        102.526776090264     
  -164.714754581451        135.170617200434        68.6842793226242     
   125.024532929063       -168.192532956600        60.3669391870499     
  -11.2767468690872        154.171492964029        114.452210232615     
   147.265238106251        114.307458758354        129.693426601589     
  -107.030730664730       -91.6834581792355        124.725481554866     
   180.424526900053        186.596115350723        38.9758838713169     
  -27.9074072241783        31.0478445626795        46.1519225537777     
  -100.259454250336        28.9833496212959        72.5400272011757     
  -139.158017754555       -55.9582304954529        62.2636877298355     
   91.2513318955898        39.9452585354447        105.649097025394     
  -74.2373829875141        171.554989784956        16.1936567947268     
   148.748632729053       -123.197064995766        62.7662385702133     
  -125.194282919168        189.546539925039        116.824335813522     
   28.8498404622078        37.1149808168411        78.5272283554077     
  -160.844238847494        75.4494249224663        23.5638369023800     
   86.1915916502476        142.285014659166        114.321421906352     
  -72.9899898134172        103.737850189209        90.9237670898438     
  -62.9793939925730        46.4992191493511        34.0007799267769     
  -160.351983964443       -46.6470430190675        82.5120436549187     
  -170.723037399352        176.547376751900        9.07505349814892     
  -162.949683114886       -172.012409865856        83.0503372484818     
   197.435496032238        137.014656901360        94.1427142620087     
   181.262945890427       -153.474977672100        80.1021114587784     
   5.74956397712231        155.971192657948        132.188781604171     
  -160.860932528973        45.5548204183578        16.7397679686546     
  -104.432630814612        128.251328624785        140.778315544128     
   143.953875780106        180.805784046650        98.9406972527504     
  -59.8301101922989        144.131769508123        135.872574210167     
  -166.836590476334       -174.245039761066        27.0220750905573     
  -129.731178104877       -89.2756377868354        28.9437668994069     
  -188.796038357541       -32.6887656189501        110.416613653302     
   94.0246052052826       -185.183430477977        60.0824036002159     
   20.6839360692538       -155.802039682865        105.045981168747     
   49.1924411654472       -39.3041731566191        77.2266306150705     
  -17.5103149116039       -12.7895042225718        121.764554321766     
   69.8737062979490       -127.928578555584        96.6568123344332     
   20.7416735887527       -153.760269999504        133.236383944750     
  -145.584268987179       -194.868812650442        88.7391692996025     
  -121.896164424717       -62.0823578238487        89.1123829185963     
  -125.449294984341       -83.7396224141121        100.219160825014     
   129.335445523262        80.8810025155544        129.510107964277     
   59.7015860080719        11.5832845196128        47.4575078189373     
  -181.283420324326       -11.2076976224780        107.353700757027     
  -74.6432485580444        151.299504220486        107.646525949240     
  -135.106164711266        148.283399224281        75.0804346203804     
   73.4928063899279       -82.8813523352146        96.5028754472733     
   53.5562855601311       -157.273749148473        28.7904054820538     
  -54.3813271522522       -41.6274423077703        109.926611334085     
   121.697030276060        95.9500545412302        40.9454048871994     
  -89.8471654653549       -34.0687797665596        96.7638297080994     
   164.369619548321       -31.6489029526711        65.7330377483740     
  -71.3436675220728       -130.334633484483        117.134247452021     
  -115.237334844656        152.233231998980        6.64639583975077     
   137.089917361736        88.2532312572002        76.2021257281303     
  -90.4125137329102       -39.8363112211227        26.3513804376125     
  -62.5715028047562        77.9057384505868        130.898451000452     
   130.007681861520       -4.04631388187408        15.8013786226511     
   90.1100299358368        103.826565861702        72.8028290271759     
   184.299055784941        83.2249685525894        20.4888494014740     
   86.4435212910175        156.358616702259        35.3618692457676     
  -76.3998135775328       -161.458487302065        62.0575445592403     
   22.3759413957596        102.550994515419        136.167939424515     
   26.4713611602783       0.636308491230011        54.5428448319435     
  -64.3276222348213        50.9756509065628        54.2698914110661     
   105.763961672783        159.340254507959        81.2605060189962     
   165.436365842819        126.695255547762        121.850153565407     
  -70.4474643468857       -191.750470042229        123.482970461249     
   140.759561896324       -165.125991493464        37.4856466650963     
  -160.321240901947       -90.1149221658707        37.5615985989571     
   161.361735463142       -93.3255066871643        13.1760884225368     
   156.516925141215       -23.0787684619427        48.6959093064070     
   192.333211094141       -56.0791640281677        39.1893491744995     
   122.670695930719       -152.414249248337        99.7656967937946     
  -137.894645452499       -165.319049715996        82.9996613264084     
   148.078206837177        80.6695590764284        112.146807163954     
  -174.385366648436       -136.827902555466        28.3848045468330     
  -106.136387586594        190.670251846313        70.8743786811829     
   107.108394980431        90.8705856744200        43.8432611227036     
   65.9923060275614        135.868302650750        123.463932961226     
   12.6287681162357       -174.462367605418        51.4436747431755     
   31.9140096306801        143.921113491058        132.359516978264     
  -194.371069371700        71.7757649421692        135.614335536957     
  -21.2696041166782        33.5892888568342        72.8023317903280     
  -8.20499123260379       -39.5705584585667        39.8191772401333     
   114.007340252399        161.079374551773        134.615115582943     
  -191.912196889520        151.134319633245        116.561891555786     
   100.795378923416       -42.4983578622341        40.0738811194897     
   112.706575036049        144.578283682466        21.3920778445899     
  -79.6038964837790        107.163446024060        92.4411876872182     
  -88.6214979887009        4.03677026182413        57.6158420145512     
  -4.94703102111816        197.239192306995        61.1376216328936     
   156.749476477504        139.128955470398        53.8322404325008     
  -146.277013480663        181.413510441780        34.0846139062196     
  -153.387609630823       -11.7393468916416        110.635311126709     
  -137.108920693398       -1.02994149923325        88.8258637785912     
   83.4891217802651        171.141342163086        84.6961106508970     
  -139.433966532350       -111.760123252869        114.281865954399     
   102.639298856258        111.270480155945        86.6054538488388     
  -188.431111216545       -139.864144444466        41.0510128736496     
   142.585540115833        178.734501332045        94.0661765933037     
   176.690656661987       -107.661386113381        72.4617254734039     
   157.957652747631        30.2120210826397        121.964309692383     
   71.9727113493718       -64.0859882533550        25.7429451644421     
  -53.3862385749817       -67.8208440393209        73.9258273839951     
   137.961266011000       -99.7782085537910        18.9917728602886     
  -56.9109475761652       -7.23330474644899        55.9239732623100     
  -151.256443291903        87.3993519544601        49.1925126910210     
  -145.989697903395       -48.0008293986320        21.3532227575779     
   175.514523848891       -162.869191229343        81.1224539875984     
   60.9527587890625       -17.3544645309448        8.77095982432365     
  -10.2765110135078       -56.9300371110439        137.755948811769     
  -131.046330198646        137.318770743906        44.3942452520132     
   139.032696038485        7.03925818204880        69.0860483050346     
  -91.1747453212738       -107.612123608589        31.5991790890694     
  -12.3780276179314        77.8338971734047        68.3646615743637     
 -0.963260829448700       -65.7559566348791        85.0209586173296     
   89.2908783555031        11.0397284030914        83.4108471050858     
  -42.1666892766953       -129.265588715672        48.3292722702026     
   34.8803760409355       -45.1421408504248        90.2474310100079     
  -20.4569528996944       -52.4610435962677        81.3295579608530     
   90.8810882270336        186.341674767435        87.3643785566092     
   120.863514959812        177.051153808832        50.5884109735489     
   99.3740528747439        35.9088041558862        39.8210820108652     
   101.713315486908       -66.0653832107782        80.3727580904961     
   122.317511737347       -127.847598865628        9.59413248673081     
  -137.976597964764       -43.6498613953590        74.3629357814789     
   196.804940640926       -19.4374126791954        47.4545215070248     
   43.7978032827377        57.3532092887908        119.079762160778     
   188.386496841908        141.913353681564        85.9386307299137     
   38.0702539682388        11.1264138817787        42.6459177136421     
   81.1875434920657       -94.1796123720706        35.9139860272408     
  -68.3996534347534        190.848427772522        115.788569927216     
   153.299037218094       -86.0751265287399        20.7543938308954     
   47.0935721397400        45.5983016639948        100.916518449783     
   90.0959573090076       -146.881650388241        109.525935232639     
  -188.543877601624        145.444482579827        75.6170893311501     
  -82.0952641181648        5.37546131014824        127.038239538670     
  -21.0640251636505        189.857573598623        67.3690471202135     
  -56.8718028068542        107.451520681381        95.4534206688404     
   12.2384735490195       -79.3670572042465        109.499629698694     
   17.0282228589058       -94.2376945614815        48.1493295431137     
  -98.8092374801636        147.899132609367        44.0793783366680     
  -94.5497605204582       -86.9697676897049        26.9408491104841     
  -124.096098355949        120.194563232362        57.5078834891319     
  -188.396026283503       -103.933380365372        56.6108179390430     
  -74.1129937171936        73.3572050333023        52.4323176741600     
  -51.2029252052307       -193.630444228649        11.9103062748909     
   170.216713070869        155.407122671604        16.2742091119289     
  -157.145788550377       -15.6918479502201        19.9994856417179     
   107.535366714001        17.9105024337769        103.101140022278     
   36.3255023956299        182.532835006714        105.008437633514     
   136.031659364700       -83.2013121247292        100.400441467762     
  -9.93596404790878        26.2647565379739        26.6590787470341     
  -159.686662614346        96.4912571320310        56.3714470267296     
   176.040023505688        169.407464504242        65.7216750738444     
  -39.6686685681343       -54.4900317080319        71.8080639541149     
   71.5847843885422        150.530758061446        67.1280829906464     
   117.962029099464        44.4757028818130        60.8211197853088     
   168.190186947584       -146.819790191948        103.658009439707     
   157.670561760664       -135.842362701893        107.664137840271     
   15.1544474065304        60.4938111901283        81.7483105659485     
  -150.983797907829        74.4701644182205        25.6963793933392     
  -81.0533385872841       -66.5011506602168        139.396139860153     
   46.1416721343994        33.0954790115356        84.2761290073395     
   6.50353599712253        145.906442284584        54.9535740315914     
  -130.777771025896       -32.7077313363552        141.318376660347     
   104.892817139626        162.234505772591        69.8336152434349     
  -11.5530393272638        19.1740576028824        125.393886581063     
   130.731838703156       -65.9272143840790        84.0702384710312     
  -50.2418413758278        28.9936469644308        35.7295285165310     
   22.8764009773731       -167.930100351572        135.975027263165     
   115.083872914314       -118.365382591262        85.1630079150200     
  -112.795541763306       -64.9452902078629        134.709955930710     
   117.186826705933       -142.125084042549        133.402202427387     
   22.4892854988575        76.5322849452496        73.8055295944214     
   120.646486133337        149.927941650152        58.8261981233954     
  -22.9013442993164        174.541174322367        52.9444678127766     
   104.148373305798        173.594184398651        80.3757938146591     
   176.165979325771       -53.4169428944588        105.473956182599     
   85.0725137293339        185.652216136456        107.754332631826     
   154.456457823515       -195.592097342014        47.7331307828426     
  -42.0105218291283        101.766056388617        128.897325575352     
   109.884537041187       -40.3074283897877        17.7039149105549     
   99.3692858889699        14.8226921260357        3.49423082917929     
  -14.6985395699739        191.963148176670        118.141897380352     
  -86.3556518554688        132.180029153824        39.9538757801056     
  -136.753379970789       -113.756067479029        103.091766715050     
  0.135558858513832        42.5206119045615        109.294409185648     
   77.3256717324257       -196.291522741318        130.908225655556     
  -171.268208816648       -18.8447704613209        26.8539605438709     
  -32.3278232812881        125.438425879925        129.395476177335     
  -45.9963001608849       -25.4737643003464        50.0193710327148     
   77.4606069326401        167.942330081016        4.49139852821827     
  -20.9000438451767       -87.5718879103661        96.0250887572765     
  -107.719042722136       -134.547611117363        100.543639004230     
   50.2022663503885        112.073644660413        117.745624095201     
  -77.1086593326181       -88.0102404356003        94.7587692141533     
  -17.7486463934183        104.589840650558        67.0740030705929     
  -126.907331481576        189.159104168415        27.3176971077919     
   110.130101963878        137.449830144644        39.4229140281677     
  -151.813449352980        81.4233937263489        18.8234382867813     
   143.254795819521       -118.730839043856        39.0797727704048     
   31.7608368545771        186.266456872225        118.213480234146     
   132.507322147489       -48.5539082437754        87.0859609916806     
   79.8101080954075       -73.2811740636826        86.4438530206680     
   43.8412173539400       -42.2580550163984        43.0955377817154     
  -50.8910080790520        161.512731045485        102.312044039369     
   90.4823397397995        174.160204112530        43.1995508968830     
  -54.4457600116730       -167.015845626593        8.30102509260178     
   196.165174096823       -124.316564381123        50.3414254784584     
  -107.217716146260        166.882112205029        111.151111960411     
   196.421288341284        88.1880224347115        142.459193229675     
  -46.5951034817845        36.5745318531990        71.3290498852730     
   91.0270333290100       -47.1441117525101        86.4358707666397     
  -80.0929493904114       -57.0091136693954        71.9166601896286     
   37.0677330940962       -32.3926396965981        116.343486996600     
   137.501298248768       -139.099557459354        102.605080321431     
  -39.6228238344193       -40.2208217382431        56.5687664747238     
  -38.1247997283936       -71.1633801460266        55.6514626741409     
  -182.166661649942       -120.901498138905        46.1196876168251     
  -41.0818831343204       -115.298645362258        126.009707033634     
  -57.9744979143143        134.903954744339        31.0355485975742     
   75.6565874218941       -114.646664321423        140.267242312431     
   91.0533527135849       -51.4149851799011        136.488727807999     
   11.6743510961533       -152.192145884037        12.7750047631562     
  -37.5158093012869       -194.573162794113        125.703699350357     
   114.532971598208       -106.557613581419        124.591451466084     
   93.2210798859596        2.95071151852608        11.4493029341102     
  -85.2953044176102       -2.37522324919701        111.281863659620     
  -147.188196737319        160.278913021088        18.0165967028588     
   177.124823987484       -192.695584923029        14.6730541288853     
   192.618539273739        33.9161022529006        110.019769906998     
  -193.527619537897        115.973736524582        88.6275107860565     
  -153.521057493985       -163.443233132362        15.3681616783142     
   40.4916385430843        49.8714827895164        129.837063491344     
   135.288973927498       -163.216251969337        50.3656351566315     
  -127.732806026936       -1.56543982028961        105.634130850434     
  -186.415226586163       -131.042060628533        134.110678255558     
   152.919684775174       -186.581766407937        123.896965861320     
  -118.027803719044        66.4201172636822        107.593824684620     
   54.4850056618452       -116.434633731842        85.6303116083145     
  -65.0954195857048        13.8141549825668        42.3291116356850     
  -92.3391491770744       -126.591270804405        71.0820121765137     
  -47.2161531448364        82.1972577869892        22.0092919468880     
   48.6178994178772       -17.1190398186445        135.499523103237     
   127.828359603882       -126.690596342087        106.995832920074     
   50.2049984484911        10.9718726873398        55.5468279123306     
   16.6813634335995       -132.757913380861        69.3077343702316     
  -9.49555981159210       -163.461551636457        82.0891122668982     
   135.160625904799       -180.407261759043        7.15532849729061     
  -111.042034745216       -197.805847764015        44.3379582762718     
  -37.9238128662109       -27.0130872726440        77.6503515243530     
  -193.701209843159        155.792525887489        25.3755366802216     
  -154.721849322319       -162.875569790602        105.338164031506     
  -36.0623171925545        185.155473768711        62.0954555571079     
   152.790178060532        107.025518119335        8.08767266571522     
  -98.7841849923134        184.661315158010        113.146295137703     
   193.368668973446       -152.970997691154        58.9968111813068     
  -143.914558649063        131.256152510643        80.4580473303795     
  -97.4884393215179        15.6786044538021        8.59499907493591     
  -115.517091631889        181.085188150406        115.858258485794     
   112.840783447027        171.312077760696        114.403504014015     
  -163.581015259027        18.3361948728561        30.6005709320307     
   22.2667894363403       -194.310967147350        82.6564855575562     
   40.2616600096226        83.6828647702932        11.3166170865297     
   106.925784899446        52.4403813183308        25.5402471274137     
   30.1839701831341        191.483319848776        110.283175408840     
   184.559984683990        188.605532169342        116.786221615970     
   185.980878263712        173.500540375710        84.8743053823709     
   63.0557060837746        46.5781821906567        66.1896376609802     
   64.0286291763186       -153.815871715546        50.1511916518211     
   73.2570271193981       -61.2460285872221        125.094893768430     
  -54.4471077919006      -0.929099380970001        136.914045691490     
  -189.043161628768       -168.027070343494        58.8110362291336     
   111.643006458879       -21.6812040805817        38.1056946516037     
   180.358267176896       -127.157269979827        125.706670854241     
   69.5906806588173       -164.750735461712        34.0799900293350     
   20.2329692244530        118.217285767198        128.696700900793     
   180.635190010071       -34.8978161811829        140.785207748413     
   117.292227923870       -115.121852904558        18.8635635077953     
  -63.2326137982309        165.913353331387        13.2425076663494     
   39.2538785934448        115.027070045471        37.7525842189789     
   9.55133324861526       -162.414346843958        28.7002713680267     
   142.898192554712        14.0325560569763        128.408456981182     
  -134.822315156460       -193.496531054378        109.043362181634     
   106.059486664832       -179.211789518595        81.4432020187378     
   162.552676498890       -137.239611715078        21.3290771245956     
   193.215680256486       -28.5169806182384        39.5290500819683     
  -8.93663449294399        45.4084097296000        129.854104757309     
   115.760897457600       -175.017372801900        32.1431614458561     
  -59.9631395339966        151.408599525690        113.365177959204     
  -139.534451842308        74.2867277264595        10.0272624492645     
   5.13011020421982       -116.669295668602        19.4617652893066     
   104.493470668793       -114.694608181715        50.6455817818642     
  -184.510396778584        141.351739943027        115.030176639557     
  -199.583917856216       -113.292081475258        55.2536918520927     
  -176.932779192924        122.641903251410        57.9706136733294     
   6.53209266066551        12.4976406097412        33.1438543200493     
  -80.6514382362366        154.865598678589        58.9453047513962     
  -142.976390302181        58.3436203747988        88.5300633907318     
  -111.622571647167        5.05840855836868        13.6559210419655     
  -109.781212389469        120.913855060935        38.2466694712639     
  -137.790109276772       -48.5099111497402        18.4742509573698     
  -24.5878592729568       -16.3633193969727        127.204966813326     
   91.6100023090839        3.18769347667694        137.817548215389     
  -129.107572853565       -182.212358534336        35.3830999135971     
   127.404431581497        188.123975932598        121.341502338648     
   163.432290256023        32.3181966394186        103.772354602814     
  -163.747972566634        30.9567323923111        60.7703273296356     
  -2.75573462247849        118.645078122616        13.4113217741251     
   196.977776288986        8.32624946534634        93.4871261715889     
  -173.457751452923        180.432509459555        74.0204089283943     
   94.5979398339987       -116.169843062758        129.404516816139     
  -126.136121749878       -24.3062782883644        135.037975966930     
   176.207332551479       -179.319893568754        42.0159827321768     
   13.7391805648804       -21.3834047317505        114.686412811279     
  -102.985476315022       -82.0194249972701        94.4016349613667     
  -155.409454837441       -43.7548378109932        69.8588657379150     
   18.6936291456223       -110.211848139763        98.2087197899818     
   33.5227158069611       -143.083340197802        107.491628724150     
   103.101658821106        66.4095401763916        21.8400454521179     
   141.088732242584        120.464917182922        91.0021652430296     
   35.7150956392288        30.9301686286926        78.4720600843430     
  -56.7394460290670       -167.573982506990        129.662770569324     
   24.4012188799679        22.3626475334167        11.3986412715167     
  -77.5225285291672        106.527745416388        132.569613844156     
   94.2772912979126       -163.500476658344        87.5684742331505     
   47.9483280777931        113.150012254715        18.9127305746078     
  -26.3490244448185        148.733867228031        118.389496684074     
  -58.2600355148315       -27.0319581031799        33.5581332445145     
   55.2461570501328        193.744456842542        84.3326448202133     
   176.023125648499       -134.458154439926        7.73458190262318     
   167.427992433310       -177.001117169857        63.6427506208420     
  -104.666273713112       -32.8445019721985        55.9742765426636     
   156.459515213966        84.2127971388400        123.112015724182     
   109.438749611378        80.8569105267525        128.661701560020     
   35.1669550538063        107.175155073404        31.9049069881439     
   164.069855444133        98.0511025786400        35.9358840584755     
  -126.999827176332        38.5944147706032        71.7502244114876     
  -13.7971749305725       -144.373215034604        55.3588407188654     
   110.111155748367        99.0943078994751        62.5205487608910     
   115.443053364754       -125.531744658947        18.4849416911602     
   112.149579942226       -175.284048140049        20.7232374548912     
  -130.363918811083       -174.242880072445        71.2935506030917     
  -162.125080272555        89.8973295688629        107.691716551781     
   56.6303955242038        168.557216912508        98.0888599157333     
   105.476298451424       -107.389124870300        62.6160110235214     
   173.948836326599        102.339529991150        47.0621389150620     
  -123.480456680059        6.21509915590286        103.654483079910     
  -186.334854662418        81.3672965168953        31.0906591117382     
   26.6660099625587       -11.4825215935707        64.1537593081594     
  -44.0931265354156       -189.198407918215        54.1549063920975     
  -141.424522839487        25.7376170307398        27.9019840955734     
  -178.892683982849        96.0988005399704        71.8260064125061     
  -90.6338090598583       -55.2548255622387        24.9449349939823     
   74.8884624838829        101.021834433079        105.158645316958     
   196.026026844978        44.6832277029753        36.2598741054535     
  -191.980028122663       -132.865909636021        120.652253985405     
   116.615713715553        102.868668973446        125.341889023781     
   145.939084410667       -97.4380816221237        89.4182536825538     
  -163.900960922241        94.7247142270207        102.451191335917     
   131.542210936546       -50.6670852676034        12.6887678131461     
   33.2647992968559        154.605484783649        69.5955998003483     
   92.1953613758087        36.9964964985847        80.2996659874916     
  -181.382422477007       -42.0109298229218        37.2518639564514     
   45.3888656198978        137.455491483212        88.9528496786952     
   146.251246005297       0.938371002674103        50.9290253818035     
  -70.7985169887543        105.045622467995        73.1787633299828     
  -46.4329182505608        27.6260010898113        54.9702237546444     
   129.179934442043        125.588220290840        62.6063582897186     
   86.6626478433609       -182.400975227356        49.7089169621468     
  -117.676896691322        107.344481348991        24.4793628156185     
   144.545059751719       -53.1702469587326        123.506224155426     
  -52.3917608261108        41.2658764123917        80.2948637455702     
  -186.245357275009       -28.0176402330399        55.0251727104187     
   173.866038799286        155.155265152454        39.0729126334190     
  -16.9629122493789       -106.471440613270        40.7969007939100     
   66.9534683227539        150.411391258240        135.998632907867     
  -191.310290008783       -153.598003983498        31.5700616836548     
  -135.139490991831       -142.922909796238        45.1876763328910     
   179.659324049950       -89.1465614438057        121.880983412266     
  -83.6778306961060        102.117977976799        28.0508883595467     
  -32.9362637996674        193.838441595435        14.7886221259832     
   11.9420749247074       -45.9866675138474        60.3564596623182     
  -54.0354458391666       -7.16161493957043        102.858164459467     
  -176.707965135574        147.832632064819        101.314744949341     
   38.2417072057724        126.106659054756        22.8364020325243     
   85.3701829910278        96.5930700302124        34.3723666667938     
  -107.817340530455        5.30088257789612        33.6301243156195     
   19.5233081579208        6.87859129905701        23.1923837810755     
   106.820927500725       -89.4914182424545        12.1860793232918     
   40.9662184715271        139.284318685532        11.5395356416702     
  -114.745759665966        132.044900476933        88.2457762956619     
  -145.448912024498       -76.3263390064240        96.5473068356514     
   70.1149702072144        183.916831016541        11.0555002838373     
  -85.8571720719337       -163.230447638780        57.1376527547836     
  -161.864945024252       -155.253310799599        9.79415914416313     
  -50.0565708875656        184.823668241501        50.7421925067902     
  -97.3587307929993        9.98176753520966        134.969385743141     
  -7.97924566268921        167.390046775341        28.1302625834942     
  -125.738742470741        152.394336223602        128.650937676430     
   99.1459288597107       -37.1654956638813        26.8676292896271     
  -118.271629303694       -35.4703639149666        121.620754122734     
   81.8653106689453        68.4088945388794        77.0709657669067     
  -102.603484272957       -186.814076468349        72.8850355148315     
   180.011539518833        185.358604013920        121.330354183912     
  -60.7730630040169        105.424478411674        47.9823542237282     
  -59.8853346407413       -148.187021255493        85.0987207144499     
  -109.231388568878        165.501689910889        8.26612047851086     
  -111.097437143326       -59.6196055412292        121.939015388489     
  -21.7424631118774       -192.468839883804        63.9364361763000     
  -60.4327846765518       -144.594140648842        10.4224683567882     
   141.889774799347        103.846581816673        107.971308529377     
   57.2980775833130        53.2704702168703        9.87861369550228     
  -141.740087032318       -138.558743119240        55.0547614097595     
  -145.692802011967       -72.8949348330498        136.576028868556     
   119.216598436236        189.600336730480        23.0232547819614     
  -132.940313622355       0.804463297128677        70.8995074629784     
  -143.210663080215        84.1600466966629        90.3929170370102     
  -122.214117169380        163.842186808586        8.02250335365534     
   148.145639203489        2.94634179025888        22.0092070698738     
   154.041483581066        88.4190905690193        6.28108017146587     
   40.4686450958252        56.5432310104370        11.3457475602627     
  -152.739870071411       -170.553385257721        32.4804548025131     
  -23.2125226259232       -78.4103020429611        117.771552115679     
  -190.319165080786        15.1374831199646        35.1305677592754     
  -132.534116506577       -163.699674606323        114.472264051437     
  -197.841702852398       -15.0534548759460        92.4737992882729     
  -109.389275491238        49.6607208848000        132.586229488254     
  -106.646628022194       -48.4778262376785        25.0429620146751     
   106.904864609241       -45.7397141158581        121.882133305073     
  -193.939580276608       -3.22118969261646        127.698435753584     
   33.9108772762120        51.2664167061448        63.7908422350883     
  -49.5880272388458       -123.379259528592        114.070677697659     
  -182.939859032631       -1.98400288820267        102.615971744061     
  -198.257652163506        144.963405847549        88.2440825076774     
   123.273831248283        87.0062326490879        121.635723769665     
   66.3551568984985       -154.285201430321        93.6366403102875     
  -22.6142579019070        180.225132048130        12.5744307488203     
  -167.830657899380       -190.395455479622        140.905603170395     
   25.8877520561218       -18.0746964216232        68.3073888553772     
   6.30839486420155       -81.8046948015690        31.9532733857632     
  -112.422141551971       -110.065970063210        76.6890040636063     
  -194.625174850225        36.7258201837540        9.77300617098808     
  -188.954885721207       -98.9662380814552        104.447422266006     
   148.994846545160       -49.2555832862854        97.4652981758118     
   172.515773773193       -118.767440319061        62.9684108495712     
  -125.484061434865        79.9720894694328        31.4968070387840     
   16.5055525898933        81.3219551220536        10.8888778686523     
   66.7493684887886        97.7148716598749        75.5123382480815     
  -37.7143493890762       -134.120842218399        56.9310773611069     
   27.1214370131493        143.815834522247        123.153848290443     
  -105.389399170876        84.4592341184616        31.3753257393837     
   168.464687183499       -8.86856502294540        66.1441043019295     
   60.1624206304550       -123.597259402275        55.0285006761551     
  -77.1381848454475        49.0904639065266        68.0799295604229     
   89.9878859519958        81.4149625301361        59.7036440894008     
  -99.2317453995347        60.2946378588676        74.4082567095757     
  -63.4054707614705       -70.5740925073624        86.7550287842751     
   35.6275571584702        92.5049127340317        43.9859068393707     
   125.036914229393       -76.6762815713882        101.910908222198     
  -39.7031210660934        166.287208974361        74.4186528176069     
   116.024698257446        80.2392275333405        22.7534657716751     
  -117.832738161087        91.7336940765381        71.1517381668091     
   117.222395777702       -98.6479910612106        19.4580606222153     
   70.8210958242416        3.31004017218947        96.6571711301804     
   102.931465864182        20.1856921911240        75.2515425682068     
  -53.4102848246694       -38.6066544502974        57.6917728185654     
   63.7712726593018       -184.656796276569        22.7925998866558     
  -165.868155159056        12.5511229038239        88.4783225059509     
   189.153313636780       -129.437154531479        29.0658804774284     
   60.6912046410143        88.4942286610603        10.1105293184519     
  -35.1271321028471       -54.4657938629389        41.3819238394499     
   50.1823539733887       -24.1486476659775        64.3581867218018     
   96.2642669677734        113.576650619507        12.2641576826572     
  -14.4481660127640        49.8895360827446        11.8438268825412     
   175.942527060397       -95.9637691974640        110.515301585197     
  -191.286455482244        119.970514178276        55.8108596205711     
  -163.715808555484        108.804564058781        33.3876088857651     
  -150.532650653273       -36.3316774293780        47.6714808642864     
  -125.000000000000        182.128953933716        92.5150525569916     
   72.2259521484375       -74.3774890899658        88.0700743198395     
  -138.043926119804       -58.9410209804773        104.117377400398     
  -198.209590554237       -134.063603520393        93.9983568191528     
  -31.3852525353432        179.643540352583        70.3952778577805     
  -127.996603131294       -199.213445901871        122.611913233995     
  -65.2920484542847        88.3978128433228        62.3685973882675     
  -70.8863083124161        116.589573234320        78.3778744935989     
   47.9652193188667        15.4142369627953        24.1808292865753     
  -147.862350940704       -124.357599020004        71.8416237831116     
   65.4374122619629       -4.63054180145264        40.9904003143311     
   81.0015063881874       -107.163583695889        79.2046416997910     
   42.1869754791260        199.800658226013        54.7907745838165     
   51.7471083402634        158.404032766819        11.2401846051216     
  -78.6266075372696        135.641327142715        22.4369312226772     
   115.019702911377        133.009219169617        23.0611681938171     
  -173.627677559853       -17.4551486968994        70.6746953725815     
   85.4856491088867       -18.0748581886292        76.4197909832001     
   196.800309062004       -119.325503438711        81.6100798919797     
  -136.521596997976        164.064366519451        117.145589828491     
   69.3474531173706        147.363042831421        77.8422534465790     
 -0.119879484176636        117.244196653366        76.8413178324699     
   185.613203048706        152.385544776917        91.2481260299683     
   71.2766447663307        42.0759496390820        136.325467944145     
  -189.900929093361       -110.862012922764        71.8786039948463     
  -116.962130516768        153.239187061787        51.0501238405704     
   35.1614179909229       -92.0352598838508        87.4150995723903     
   38.9324375391006       -97.5166258811951        27.9754994809628     
   116.572272658348       -113.621521234512        52.8810499906540     
  -81.6800495386124       -65.2299448251724        54.2516825795174     
   46.7685699462891        113.083434104919        74.4829976558685     
   147.028231620789        50.8126974105835        46.7108750343323     
   179.831967830658       -144.633367896080        73.8349822759628     
  -49.0168809890747       -83.9804410934448        136.933817863464     
  -18.1534162163734       -28.0596243143082        28.2886811792850     
  -2.15349197387695        149.958872795105        70.1707035303116     
  -71.9230021238327        39.8731048703194        116.206722654402     
   187.701653718948       -139.847748577595        8.75762066245079     
  -102.544370293617        22.0716421604156        27.4415494799614     
   161.462904930115        101.915212512016        77.5848344862461     
   157.231140136719       -196.682358533144        139.986474514008     
   69.9271264672279        13.9804316759109        75.5117200016975     
   109.291976451874        123.539649367332        58.1876246929169     
   186.611509323120       -160.314586758614        141.008660793304     
   115.972924232483       -42.0440316200256        111.696749925613     
  -110.714362621307        152.947170257568        72.7794966697693     
   169.673023566604       -31.9991241693497        119.462886027992     
   46.7694811820984        55.3464101403952        48.1711941957474     
  -131.443336784840        58.6785991191864        44.3456079959869     
   71.7104065418243       -174.906081199646        104.110001325607     
   35.8779907226562        161.973905563354        110.810639858246     
   140.857124686241       -90.0107886791229        15.5228797495365     
   166.860546588898        162.896961271763        125.467843055725     
  -25.4448372572660       -1.70672339200974        11.4628831744194     
  -37.4331893324852       -125.903135180473        71.9256435036659     
   116.097068786621       -27.3795485496521        54.3387365341187     
   173.636269569397        37.2918128967285        19.4887086749077     
  -94.9256658554077       -99.2073774337769        138.301497697830     
  -111.457055807114        109.631323814392        50.6339037418365     
  -65.8173564672470        67.2097752094269        89.9504903554916     
   58.7936778664589       -121.530631840229        26.6089706509374     
   87.7200245857239       -165.070906400681        98.7138750553131     
   81.0622623562813       -110.310892790556        16.6834213137627     
  -183.727577328682        39.8009300231934        134.797545671463     
   130.564570426941        117.706608772278        37.6334142684937     
  -139.487844705582        53.6856174468994        47.4296957254410     
  -52.1352360844612       -146.602373838425        21.5944974422455     
  -15.2578735351562        183.433437347412        24.1756942868233     
  -135.192760258913        82.0575060844421        95.6145371869206     
  -58.8629364967346       -168.603688478470        111.026833057404     
  -145.289194583893        12.2936248779297        18.7496626377106     
  -183.959689736366       -135.401761531830        130.966399908066     
   38.9998435974121        70.5326557159424        108.678431510925     
  -48.8776822090149       -137.274080932140        130.937016174197     
   59.8498344421387       -66.9828891754150        71.0462784767151     
  -149.922591447830       -91.8428421020508        84.4284772872925     
  -31.0410807132721       -62.1037260182202        22.8300167322159     
  -46.6872572898865        5.39920330047607        122.369657754898     
   72.5886778235435        111.414793848991        131.302085548639     
   70.7862622125540       -139.671160355210        56.5575775206089     
  -32.5278520584106       -160.687538981438        135.521986484528     
  -93.3196398019791        132.763694047928        59.3254377823323     
   27.6808023452759        179.407501220703        62.7711558341980     
  -147.312015295029       -134.980553388596        47.1626168489456     
  -93.2494759559631        105.292725563049        7.87833206355572     
   26.5544229149818        101.985310718417        65.0387573242188     
   31.5930594205856        189.554841279984        4.97007949650288     
   60.5015993118286       -83.2168221473694        37.7405595779419     
  -67.7298719882965       -177.019810400903        109.963180959225     
  -144.046623349190        57.3747987747192        30.9551775455475     
   25.4667043685913       -41.8605327606201        42.6187878847122     
   197.547578811646       -118.628078699112        32.9522448778152     
   147.991156995296        182.401325136423        29.1043461859226     
  -193.306482449174        16.9477333426476        85.1568710207939     
  -176.984438121319       -154.226863265038        72.7705404758453     
   183.713320493698       -42.3001044988632        136.212219834328     
   67.4151888191700        66.7964535951614        26.4600775875151     
  -193.942888312042        152.609110236168        71.7639142274857     
  -39.8408434391022        132.718024522066        66.6891270875931     
   14.4704396128654        161.828277349472        6.13972057914361     
   79.4872618913651       -137.218758463860        105.185493588448     
  -143.188146233559        171.489994168282        80.1318053007126     
   66.2153720855713        34.2550039291382        113.398582935333     
  -133.548799335957       -57.5767922401428        57.7190858125687     
  -145.267870485783       -178.659792900085        50.0059164911509     
  -14.7000951766968       -146.268014669418        102.442254424095     
  -83.0389273166656        14.6324893236160        73.8209171295166     
  -21.6137409210205       -15.4622793197632        88.2596147060394     
   97.7840091437101        107.974745295942        23.9137395024300     
  -112.383306026459       -45.6426024436951        97.2645688056946     
   13.9257534109056        38.5637025833130        53.3988108038902     
   119.327425956726        21.7338800430298        73.0276572704315     
   65.7068014144897        144.666409492493        26.3079172372818     
   130.966185361147        3.58280658721924        91.0307164192200     
  -156.518314987421        47.0998748540878        32.1575658917427     
   10.8415886163712        28.0595328509808        110.896262764931     
 -0.154951900243759        154.783954024315        63.1133302450180     
   177.823090553284        107.915854454041        37.7286726236343     
  -4.82362508773804        24.1432666778564        8.05474266409874     
  -69.2305445671082       -171.154558658600        135.736285448074     
  -26.2432948350906        193.466615319252        55.6844093799591     
   122.390747070312        99.4255542755127        76.6526651382446     
  -11.7859721183777        180.949544906616        140.252952575684     
  -27.4431939125061       -59.6104986667633        110.235896289349     
   118.494115829468       -92.0092191696167        132.840781688690     
   167.413926124573        81.4454078674316        124.435918331146     
  -163.522333264351       -26.0298950672150        80.5971441268921     
  -124.406792998314       -159.367887765169        70.2469643354416     
  -168.418162323534       -120.748673141003        44.8920056819916     
   101.153659820557       -102.930164337158        81.1013984680176     
  -64.1891086101532       -42.1872005462646        119.086276829243     
  -28.4877408742905       -192.652738183737        85.9334875345230     
   188.869888544083       -150.694319158792        126.309909582138     
   109.968328475952        198.096930384636        130.010509610176     
   5.70368766784668        77.0537853240967        70.1639902591705     
   14.9466059207916       -12.8608397841454        132.824552699924     
   182.383930116892       -12.2046928405762        52.3365356028080     
  -130.651437520981       -126.616082221270        33.8607989549637     
   56.5809023380280        193.778471613303        130.547657489777     
  -153.864684700966       -150.155737996101        130.962194204330     
   116.664958000183        127.059674263000        127.339422702789     
  -107.317597568035       -83.8916283845901        84.8126690387726     
  -34.3616962432861        178.934216499329        45.6906747817993     
   26.8078256845474       -185.208979725838        64.9695086479187     
   102.478966712952       -119.971392691135        121.734167933464     
   25.6514549255371       -194.494548812509        36.2628680467606     
  -171.444951355457       -88.3736179471016        113.138294994831     
  -33.7921159565449       -111.905349612236        57.2580060958862     
  -165.734312832355       -67.2168420553207        70.0470038056374     
   23.8436894416809       -10.3539403676987        137.001049518585     
  -168.926435709000       -104.804027080536        86.8957066535950     
   83.3277940750122        43.7179088592529        10.3278530389071     
  -98.5979012846947       -177.198848038912        10.2360320389271     
  -151.410463452339        99.3330955505371        117.346295118332     
   131.919240951538        39.8159503936768        6.66887331753969     
  -159.988224506378       -39.0353083610535        38.9506673812866     
   43.0083513259888       -22.8772997856140        110.743623971939     
  -24.6251344680786       -190.131115913391        104.125924110413     
  -36.0449075698853        134.878420829773        100.104086399078     
   3.51047533750534       -140.358532905579        110.001530408859     
  -30.0881322622299       -176.427328288555        26.6204020977020     
   120.758414268494        8.18817615509033        125.025851726532     
  -20.4088941812515        137.474167048931        75.4542336463928     
   35.8773801326752        57.4334046840668        23.1434465646744     
  -166.727422989905       -118.161628961563        130.665824115276     
   51.8095515370369        166.084065854549        29.2098263502121     
  -135.022151470184        1.64012908935547        16.3561540842056     
  -59.7785472869873        47.6576805114746        4.66646678745747     
   114.857673645020        184.711551666260        16.7586207389832     
   45.4661607742310       -66.3621306419373        114.562661647797     
  -6.02606534957886        76.1747598648071        126.193151473999     
   11.2824201583862       -92.3619270324707        14.3667498230934     
  -33.2019090652466        30.3717851638794        133.462384939194     
   166.988635063171        61.8088960647583        112.513591051102     
  -106.016391515732       -36.7359280586243        102.455266714096     
   133.036732673645       -180.821655690670        24.4604116678238     
  -57.3943853378296       -126.562005281448        102.274346351624     
  -42.3118087053299        155.679034948349        124.420042514801     
  -64.2542839050293        19.6474075317383        135.239061117172     
   10.4845762252808        166.562414169312        138.998935222626     
   184.824347496033        34.5331430435181        65.2896714210510     
  -38.2165312767029        64.6902799606323        80.3831577301025     
  -20.1282858848572       -162.612169981003        8.95925998687744     
  -19.8817491531372        39.8059368133545        125.776177644730     
  -85.6853723526001        157.419872283936        84.6977925300598     
  -165.695714950562        31.7661762237549        110.821079015732     
   196.798586845398       -111.961877346039        8.68561856448650     
   181.881570816040       -62.8510713577271        40.1959812641144     
  -15.6880280971527       -63.6141790151596        9.07684242725372     
  -55.9883117675781        140.812969207764        75.5848002433777     
  -1.69094800949097        104.080510139465        36.7060920596123     
  -195.931358262897        59.2750072479248        113.702745437622     
   36.0056400299072       -60.5301022529602        140.465532541275     
   49.2328405380249       -57.0082545280457        112.450956106186     
  -15.9833312034607       -142.154610157013        83.2178688049316     
  -176.426604390144        174.367356300354        56.5485793352127     
   54.3198585510254       -189.724257588387        19.8138464987278     
   72.1455574035645       -159.958359599113        108.917814493179     
  -29.8795444965363        58.0914150476456        28.9768654704094     
   124.007368087769       -83.6293816566467        127.956809997559     
  -111.875736713409        186.444735527039        96.0031580924988     
  6.766974925994873E-003   167.225894272327        115.256829589605     
  -52.6845608949661        35.2489531040192        60.9833967685699     
   30.9168577194214       -42.7628874778748        65.0072467327118     
   111.230826377869        124.949550628662        112.769454717636     
  -14.8854904174805       -104.440908595920        126.310384631157     
   114.280233502388       -9.11321797966957        72.1052992343903     
  -147.245051980019       -110.815172553062        83.7317723035812     
   30.6050539016724       -188.460306823254        4.39687108621001     
  -109.403806924820        126.880502700806        11.7593511939049     
  -151.760228186846        178.271682024002        119.859567582607     
   163.782787322998       -116.260260343552        137.946115732193     
  -53.7121952772141        51.0107293128967        125.218060970306     
  -137.017148733139        157.577443122864        26.6245153546333     
   1.60133838653564        125.962996482849        96.8410861492157     
   56.9947242736816       -151.859176158905        83.3658111095428     
   12.1297121047974        186.257338523865        82.0752358436584     
   95.8345413208008       -60.2800607681274        27.9398450255394     
   89.3267223834991        86.9939675331116        82.5302689075470     
   109.505057334900       -4.63191270828247        126.843107938766     
   76.0458946228027       -106.658720970154        8.27539868652821     
  -13.9943480491638       -40.0376081466675        77.0297265052795     
   169.461441040039       -9.31218862533569        11.7468175292015     
   108.359146118164        34.6213579177856        64.0207505226135     
   189.211320877075        69.2564487457275        34.8875424265862     
  -138.938236236572        120.173120498657        122.451552152634     
  -42.2563433647156       -117.036676406860        95.3454411029816     
   131.158208847046        92.0304059982300        73.3988273143768     
  -46.1284160614014        98.5275745391846        105.071448087692     
   111.128091812134        101.470065116882        97.8053021430969     
  -122.275429964066       -30.6630969047546        38.6717808246613     
   132.231926918030        175.830459594727        67.3773568868637     
  -113.864148139954       -137.780606150627        19.6590619543567     
  -130.979299545288       -53.0201077461243        10.4781834781170     
   99.4944095611572        126.026797294617        24.6229654550552     
  -101.267510652542        74.2849826812744        54.3487209081650     
  -129.571634531021       -97.3359942436218        117.472132444382     
  -18.9434647560120        177.766180038452        84.7243869304657     
  -142.165315151215        173.387241363525        96.5543472766876     
   124.542808532715        29.9432277679443        67.0708787441254     
  -199.072960298508       -158.826187252998        69.9531793594360     
  -142.353099584579        169.047927856445        50.1950001716614     
   152.418661117554        137.899136543274        141.536635160446     
   3.69179248809814       -104.836666584015        59.5481055974960     
   93.0303812026978        196.939921379089        20.8530589938164     
   37.2529983520508       -47.2298741340637        4.65377001091838     
   81.7510843276978       -130.655473470688        63.8673216104507     
   34.2064857482910       -93.0859923362732        80.3133714199066     
