  2.500000000000000E-002  0.000000000000000E+000
  7.500000000000001E-002  0.000000000000000E+000
  0.125000000000000       0.000000000000000E+000
  0.175000000000000       0.000000000000000E+000
  0.225000000000000       0.000000000000000E+000
  0.275000000000000       0.000000000000000E+000
  0.325000000000000       0.000000000000000E+000
  0.375000000000000       0.000000000000000E+000
  0.425000000000000       0.000000000000000E+000
  0.475000000000000       0.000000000000000E+000
  0.525000000000000       0.000000000000000E+000
  0.575000000000000       0.000000000000000E+000
  0.625000000000000       0.000000000000000E+000
  0.675000000000000       0.000000000000000E+000
  0.725000000000000       0.000000000000000E+000
  0.775000000000000       0.000000000000000E+000
  0.825000000000000       0.000000000000000E+000
  0.875000000000000       0.000000000000000E+000
  0.925000000000000       0.000000000000000E+000
  0.975000000000000       0.000000000000000E+000
   1.02500000000000       0.000000000000000E+000
   1.07500000000000       0.000000000000000E+000
   1.12500000000000       0.000000000000000E+000
   1.17500000000000       0.000000000000000E+000
   1.22500000000000       0.000000000000000E+000
   1.27500000000000       0.000000000000000E+000
   1.32500000000000       0.000000000000000E+000
   1.37500000000000       0.000000000000000E+000
   1.42500000000000       0.000000000000000E+000
   1.47500000000000       0.000000000000000E+000
   1.52500000000000       0.000000000000000E+000
   1.57500000000000       0.000000000000000E+000
   1.62500000000000       0.000000000000000E+000
   1.67500000000000       0.000000000000000E+000
   1.72500000000000       0.000000000000000E+000
   1.77500000000000       0.000000000000000E+000
   1.82500000000000       0.000000000000000E+000
   1.87500000000000       0.000000000000000E+000
   1.92500000000000       0.000000000000000E+000
   1.97500000000000       0.000000000000000E+000
   2.02500000000000       0.000000000000000E+000
   2.07500000000000       0.000000000000000E+000
   2.12500000000000       0.000000000000000E+000
   2.17500000000000       0.000000000000000E+000
   2.22500000000000       0.000000000000000E+000
   2.27500000000000       0.000000000000000E+000
   2.32500000000000       0.000000000000000E+000
   2.37500000000000       0.000000000000000E+000
   2.42500000000000       0.000000000000000E+000
   2.47500000000000       0.000000000000000E+000
   2.52500000000000       0.000000000000000E+000
   2.57500000000000       0.000000000000000E+000
   2.62500000000000       0.000000000000000E+000
   2.67500000000000       0.000000000000000E+000
   2.72500000000000       0.000000000000000E+000
   2.77500000000000       0.000000000000000E+000
   2.82500000000000       0.000000000000000E+000
   2.87500000000000       0.000000000000000E+000
   2.92500000000000       0.000000000000000E+000
   2.97500000000000       0.000000000000000E+000
   3.02500000000000       0.000000000000000E+000
   3.07500000000000       0.000000000000000E+000
   3.12500000000000       0.000000000000000E+000
   3.17500000000000       0.000000000000000E+000
   3.22500000000000       0.000000000000000E+000
   3.27500000000000       0.000000000000000E+000
   3.32500000000000       0.000000000000000E+000
   3.37500000000000       0.000000000000000E+000
   3.42500000000000       0.000000000000000E+000
   3.47500000000000       0.000000000000000E+000
   3.52500000000000       0.000000000000000E+000
   3.57500000000000       0.000000000000000E+000
   3.62500000000000       0.000000000000000E+000
   3.67500000000000       0.000000000000000E+000
   3.72500000000000       1.627161197733247E-004
   3.77500000000000       3.168687340325854E-004
   3.82499999999999       7.715971152092145E-004
   3.87499999999999       2.105078280972240E-003
   3.92499999999999       1.905231753907780E-003
   3.97499999999999       2.286281196431103E-003
   4.02499999999999       6.689498137780441E-003
   4.07499999999999       1.060531523094069E-002
   4.12499999999999       1.751500889199359E-002
   4.17499999999999       2.422217347777517E-002
   4.22499999999999       3.667998562159644E-002
   4.27499999999999       4.842822284690470E-002
   4.32499999999999       7.278299213874405E-002
   4.37499999999999       8.457616096119944E-002
   4.42499999999999       0.110234205281116     
   4.47499999999999       0.147809295937042     
   4.52499999999999       0.191093815035159     
   4.57499999999999       0.226959763354186     
   4.62499999999999       0.277809974772276     
   4.67499999999999       0.330886632532767     
   4.72499999999999       0.384295741827973     
   4.77499999999999       0.456300983022274     
   4.82499999999999       0.530006625372752     
   4.87499999999999       0.605358122484032     
   4.92499999999999       0.664989671635995     
   4.97499999999999       0.746196369907644     
   5.02499999999999       0.799108401312119     
   5.07499999999999       0.895911154357648     
   5.12499999999999       0.943673362713725     
   5.17499999999999       0.997777783114172     
   5.22499999999999        1.07297015950746     
   5.27499999999999        1.11049858663082     
   5.32499999999999        1.17119817489268     
   5.37499999999999        1.20851327729049     
   5.42499999999999        1.24073113692044     
   5.47499999999999        1.28807127611186     
   5.52499999999999        1.30162367311461     
   5.57499999999999        1.33867515460891     
   5.62499999999999        1.35472873409652     
   5.67499999999999        1.36257997879983     
   5.72499999999999        1.35376308358576     
   5.77499999999999        1.36562646155496     
   5.82499999999999        1.36510686086253     
   5.87499999999999        1.36192131189538     
   5.92499999999999        1.34340582222561     
   5.97499999999999        1.32746701655316     
   6.02499999999999        1.32325220949020     
   6.07499999999999        1.31489682456833     
   6.12499999999999        1.30808119034987     
   6.17499999999999        1.28556246785657     
   6.22499999999999        1.26120667823359     
   6.27499999999999        1.24462836577345     
   6.32499999999999        1.24009709006236     
   6.37499999999999        1.22027652635364     
   6.42499999999999        1.22006330547830     
   6.47499999999999        1.21330263890772     
   6.52499999999999        1.19557475597935     
   6.57499999999999        1.18801021362127     
   6.62499999999998        1.18444654712843     
   6.67499999999998        1.17867695824786     
   6.72499999999998        1.16760557846295     
   6.77499999999998        1.16017466637518     
   6.82499999999998        1.15569517199438     
   6.87499999999998        1.14955088674812     
   6.92499999999998        1.14859477553983     
   6.97499999999998        1.13316114243175     
   7.02499999999998        1.13868240827395     
   7.07499999999998        1.12787719861473     
   7.12499999999998        1.12744690322003     
   7.17499999999998        1.12871717525704     
   7.22499999999998        1.11025098683706     
   7.27499999999998        1.10907748416439     
   7.32499999999998        1.10808493086695     
   7.37499999999998        1.11100231131608     
   7.42499999999998        1.09854698707484     
   7.47499999999998        1.09763857811856     
   7.52499999999998        1.08999850036817     
   7.57499999999998        1.09808499036284     
   7.62499999999998        1.09281822200741     
   7.67499999999998        1.07812769691458     
   7.72499999999998        1.08714444002555     
   7.77499999999998        1.08011658131380     
   7.82499999999998        1.06045749210540     
   7.87499999999998        1.06068685334133     
   7.92499999999998        1.06255158442666     
   7.97499999999998        1.06769429979631     
   8.02499999999998        1.05856813726239     
   8.07499999999998        1.05803419923729     
   8.12499999999998        1.03999056846701     
   8.17499999999998        1.04865948682777     
   8.22499999999998        1.05166807163129     
   8.27499999999998        1.04176721904770     
   8.32499999999999        1.04359270694880     
   8.37499999999999        1.05009675405070     
   8.42499999999999        1.03592023029250     
   8.47499999999999        1.04083353830044     
   8.52499999999999        1.05081097334429     
   8.57499999999999        1.04761987956039     
   8.62499999999999        1.05660261299511     
   8.67499999999999        1.05567861920704     
   8.72499999999999        1.06677758992140     
   8.77499999999999        1.06266016628645     
   8.82499999999999        1.05906014527573     
   8.87499999999999        1.06659558162749     
   8.92499999999999        1.06873741503112     
   8.97499999999999        1.08088419514744     
   9.02500000000000        1.08451951771682     
   9.07500000000000        1.08938009330134     
   9.12500000000000        1.09236100696836     
   9.17500000000000        1.08896309993506     
   9.22500000000000        1.09499303322708     
   9.27500000000000        1.09062036044696     
   9.32500000000000        1.10037733686963     
   9.37500000000000        1.09455407171400     
   9.42500000000000        1.08897003209889     
   9.47500000000000        1.09790358065122     
   9.52500000000000        1.08862218599036     
   9.57500000000000        1.08927581234441     
   9.62500000000000        1.09197748179828     
   9.67500000000000        1.09842454689458     
   9.72500000000000        1.09171852240356     
   9.77500000000001        1.09598509144389     
   9.82500000000001        1.07863679018531     
   9.87500000000001        1.08464353417180     
   9.92500000000001        1.07766212449446     
   9.97500000000001        1.06357263656089     
   10.0250000000000        1.05788743501350     
   10.0750000000000        1.05584358769105     
   10.1250000000000        1.04786392636927     
   10.1750000000000        1.03913921594901     
   10.2250000000000        1.03578232287726     
   10.2750000000000        1.02236869541783     
   10.3250000000000        1.01274496411629     
   10.3750000000000        1.01389339869297     
   10.4250000000000        1.00149042089168     
   10.4750000000000       0.994236529529474     
   10.5250000000000       0.981510689980537     
   10.5750000000000       0.977137111623248     
   10.6250000000000       0.967542182050410     
   10.6750000000000       0.969297953814892     
   10.7250000000000       0.972784854435711     
   10.7750000000000       0.958838094548480     
   10.8250000000000       0.953507687140754     
   10.8750000000000       0.944473605725906     
   10.9250000000000       0.942942108976626     
   10.9750000000000       0.936619338289042     
   11.0250000000000       0.923870924854878     
   11.0750000000000       0.931654628580030     
   11.1250000000000       0.922897698761658     
   11.1750000000000       0.928579049542891     
   11.2250000000000       0.921077670412118     
   11.2750000000000       0.910617725545134     
   11.3250000000000       0.906520416564839     
   11.3750000000000       0.904483957800028     
   11.4250000000000       0.907879675770782     
   11.4750000000000       0.901939857290236     
   11.5250000000000       0.906437718153316     
   11.5750000000000       0.903005123387464     
   11.6250000000000       0.905261652985241     
   11.6750000000000       0.909964271349561     
   11.7250000000000       0.897785621242764     
   11.7750000000000       0.902048516335902     
   11.8250000000000       0.911067551208526     
   11.8750000000000       0.906757891177698     
   11.9250000000000       0.908537515410797     
   11.9750000000000       0.911295021999448     
   12.0250000000000       0.912773054780583     
   12.0750000000000       0.908450425220376     
   12.1250000000000       0.909527735748379     
   12.1750000000000       0.921158072203035     
   12.2250000000000       0.921207291419925     
   12.2750000000000       0.929931213377146     
   12.3250000000000       0.921301563193046     
   12.3750000000000       0.933893335587704     
   12.4250000000000       0.941499863646751     
   12.4750000000000       0.942861317611404     
   12.5250000000000       0.939464748409328     
   12.5750000000000       0.942774471982627     
   12.6250000000000       0.948424666998188     
   12.6750000000000       0.949642031092699     
   12.7250000000000       0.951814949562355     
   12.7750000000000       0.957009942673651     
   12.8250000000000       0.960900900866359     
   12.8750000000000       0.964280431070048     
   12.9250000000001       0.970295597948431     
   12.9750000000001       0.970932313198036     
   13.0250000000001       0.979728795414096     
   13.0750000000001       0.983594839641745     
   13.1250000000001       0.980951407672747     
   13.1750000000001       0.984068931276934     
   13.2250000000001       0.987924631761037     
   13.2750000000001       0.994897454623372     
   13.3250000000001        1.00143280915414     
   13.3750000000001        1.00154482203001     
   13.4250000000001        1.00701416461356     
   13.4750000000001        1.01298419613154     
   13.5250000000001        1.01233391492146     
   13.5750000000001        1.01102860416666     
   13.6250000000001        1.02541669778713     
   13.6750000000001        1.02160229282906     
   13.7250000000001        1.02497163300455     
   13.7750000000001        1.02104260468223     
   13.8250000000001        1.02933447904826     
   13.8750000000001        1.02795740857585     
   13.9250000000001        1.03623798280132     
   13.9750000000001        1.03279008689087     
   14.0250000000001        1.04083190771010     
   14.0750000000001        1.03726816337552     
   14.1250000000001        1.04158235972214     
   14.1750000000001        1.04307943639414     
   14.2250000000001        1.05035421770514     
   14.2750000000001        1.05261541176801     
   14.3250000000001        1.04486203926486     
   14.3750000000001        1.05527392506033     
   14.4250000000001        1.05317935440254     
   14.4750000000001        1.05425659566901     
   14.5250000000001        1.05249019751138     
   14.5750000000001        1.05243437136957     
   14.6250000000001        1.05793880348249     
   14.6750000000001        1.05807038599754     
   14.7250000000001        1.05218827522807     
   14.7750000000001        1.05830724556325     
   14.8250000000001        1.05956344169017     
   14.8750000000001        1.06105437242555     
   14.9250000000001        1.06607953289677     
   14.9750000000001        1.06333193070934     
   15.0250000000001        1.05756680883480     
   15.0750000000001        1.05631553512761     
   15.1250000000001        1.05816658162350     
   15.1750000000001        1.05806823587844     
   15.2250000000001        1.05715938647130     
   15.2750000000001        1.05809766826695     
   15.3250000000001        1.05882817267769     
   15.3750000000001        1.05070147898002     
   15.4250000000001        1.05313403589332     
   15.4750000000001        1.05140258017476     
   15.5250000000001        1.04670203336323     
   15.5750000000001        1.04623776229820     
   15.6250000000001        1.04520310614823     
   15.6750000000001        1.04633816259524     
   15.7250000000001        1.04283575712910     
   15.7750000000001        1.04205134114950     
   15.8250000000001        1.04448364075790     
   15.8750000000001        1.04153403806712     
   15.9250000000001        1.04347070239959     
   15.9750000000001        1.03008357740324     
   16.0250000000001        1.03376776901795     
   16.0750000000001        1.03487859953968     
   16.1250000000001        1.03123202458362     
   16.1750000000001        1.02542735207601     
   16.2250000000001        1.02385996149027     
   16.2750000000001        1.02623909310608     
   16.3250000000001        1.02214818187007     
   16.3750000000001        1.02325807733976     
   16.4250000000001        1.01222545237058     
   16.4750000000001        1.01792781855422     
   16.5250000000001        1.02140129921652     
   16.5750000000001        1.01105696249748     
   16.6250000000001        1.01172394696618     
   16.6750000000001        1.01165832016877     
   16.7250000000001        1.00427870927613     
   16.7750000000001        1.00717487705699     
   16.8250000000001        1.00107795732025     
   16.8750000000001        1.00102167157659     
   16.9250000000001        1.00352596406431     
   16.9750000000001        1.00470622912470     
   17.0250000000001       0.998073529006253     
   17.0750000000001       0.999431077034988     
   17.1250000000001       0.997229684918907     
   17.1750000000001       0.991508395596538     
   17.2250000000001       0.994793320603687     
   17.2750000000001       0.991623014441572     
   17.3250000000001       0.987976219311162     
   17.3750000000001       0.982918962296487     
   17.4250000000001       0.987191056714075     
   17.4750000000001       0.991893603836657     
   17.5250000000001       0.981507466712805     
   17.5750000000001       0.986434752898373     
   17.6250000000001       0.987598126189577     
   17.6750000000001       0.984750375049718     
   17.7250000000001       0.984520503573943     
   17.7750000000001       0.980540211580575     
   17.8250000000001       0.980397884215333     
   17.8750000000001       0.979591695557324     
   17.9250000000001       0.975673291223226     
   17.9750000000001       0.978079434234007     
   18.0250000000001       0.974620418034661     
   18.0750000000001       0.981011912183460     
   18.1250000000001       0.979737450980584     
   18.1750000000001       0.978031538875120     
   18.2250000000001       0.979082593042641     
   18.2750000000001       0.976139142983940     
   18.3250000000001       0.973522481218509     
   18.3750000000001       0.976637235400238     
   18.4250000000001       0.979105314292789     
   18.4750000000001       0.978443266326397     
   18.5250000000001       0.976721419285760     
   18.5750000000001       0.976142533349127     
   18.6250000000001       0.978660445379545     
   18.6750000000001       0.974307434400636     
   18.7250000000001       0.974990317236179     
   18.7750000000001       0.978540839435269     
   18.8250000000001       0.978510304054593     
   18.8750000000001       0.977528413886612     
   18.9250000000001       0.979008098315184     
   18.9750000000001       0.981386716850434     
   19.0250000000001       0.977825763000148     
   19.0750000000001       0.982591254780460     
   19.1250000000001       0.979200988528947     
   19.1750000000001       0.986069240789012     
   19.2250000000001       0.981154514309251     
   19.2750000000001       0.980531458660231     
   19.3250000000001       0.982332099439046     
   19.3750000000001       0.986278398204080     
   19.4250000000001       0.983690790787909     
   19.4750000000001       0.983855091925056     
   19.5250000000001       0.983240804075605     
   19.5750000000001       0.987675551800522     
   19.6250000000001       0.991595135992769     
   19.6750000000001       0.985692616093806     
   19.7250000000001       0.989139395020784     
   19.7750000000001       0.990610329271414     
   19.8250000000001       0.988296863163105     
   19.8750000000001       0.992853039459380     
   19.9250000000001       0.988325625807779     
   19.9750000000002       0.992941534279560     
   20.0250000000002       0.992268372257017     
   20.0750000000002       0.995662573421234     
   20.1250000000002       0.992042522314323     
   20.1750000000002       0.996755568382677     
   20.2250000000002       0.993963917672684     
   20.2750000000002       0.997015157978544     
   20.3250000000002        1.00025939599582     
   20.3750000000002        1.00044134743829     
   20.4250000000002       0.999830189596567     
   20.4750000000002       0.998362122708555     
   20.5250000000002        1.00054628654250     
   20.5750000000002       0.997673325659730     
   20.6250000000002        1.00068137281628     
   20.6750000000002       0.999666058789533     
   20.7250000000002       0.999852630972850     
   20.7750000000002        1.00391789535104     
   20.8250000000002        1.00492866938551     
   20.8750000000002        1.00752962786471     
   20.9250000000002        1.00126628169143     
   20.9750000000002        1.00264134394630     
   21.0250000000002        1.00725066927981     
   21.0750000000002        1.00445442097793     
   21.1250000000002        1.00504792585563     
   21.1750000000002        1.00678783127121     
   21.2250000000002        1.00576877331746     
   21.2750000000002        1.00227397833626     
   21.3250000000002        1.00610921051937     
   21.3750000000002        1.00613204844045     
   21.4250000000002        1.00385653223469     
   21.4750000000002        1.00670737970886     
   21.5250000000002        1.00657272542326     
   21.5750000000002        1.01083762242952     
   21.6250000000002        1.00753981827072     
   21.6750000000002        1.00652040542700     
   21.7250000000002        1.00467688515581     
   21.7750000000002        1.00704435257812     
   21.8250000000002        1.00867807962877     
   21.8750000000002        1.00916338869774     
   21.9250000000002        1.00679216657268     
   21.9750000000002        1.00290315069717     
   22.0250000000002        1.00598329987066     
   22.0750000000002        1.00967394260332     
   22.1250000000002        1.00508792885090     
   22.1750000000002        1.00267723208077     
   22.2250000000002        1.01015584117827     
   22.2750000000002        1.00548038766555     
   22.3250000000002        1.00799870618361     
   22.3750000000002        1.00789132637791     
   22.4250000000002        1.00666141675849     
   22.4750000000002        1.01222659003562     
   22.5250000000002        1.00609573820516     
   22.5750000000002        1.00750972274384     
   22.6250000000002        1.00468471891087     
   22.6750000000002        1.00418024917414     
   22.7250000000002        1.00779766969107     
   22.7750000000002        1.00492276979035     
   22.8250000000002        1.00401790046020     
   22.8750000000002        1.00138107037802     
   22.9250000000002        1.00451439363919     
   22.9750000000002        1.00626360861268     
   23.0250000000002        1.00514327439381     
   23.0750000000002        1.00071568455152     
   23.1250000000002        1.00465554723345     
   23.1750000000002        1.00354951576461     
   23.2250000000002        1.00094935671984     
   23.2750000000002        1.00288435078925     
   23.3250000000002        1.00486412179018     
   23.3750000000002        1.00468555500824     
   23.4250000000002        1.00256959566823     
   23.4750000000002        1.00124098088128     
   23.5250000000002       0.995945025219760     
   23.5750000000002        1.00256349368247     
   23.6250000000002        1.00293592111891     
   23.6750000000002       0.996081781179876     
   23.7250000000002       0.998674751969811     
   23.7750000000002       0.998005675692951     
   23.8250000000002        1.00217418107709     
   23.8750000000002        1.00086854478367     
   23.9250000000002        1.00339511087262     
   23.9750000000002       0.997631317107642     
   24.0250000000002       0.997277492159060     
   24.0750000000002       0.998713796833839     
   24.1250000000002       0.998717569181490     
   24.1750000000002       0.996557054057340     
   24.2250000000002       0.999580536974802     
   24.2750000000002       0.998877094862369     
   24.3250000000002       0.995419803505645     
   24.3750000000002       0.993411299299015     
   24.4250000000002       0.999615901683185     
   24.4750000000002       0.998362709385172     
   24.5250000000002       0.992043782700944     
   24.5750000000002       0.995076937387145     
   24.6250000000002       0.995478385194247     
   24.6750000000002       0.995275082281077     
   24.7250000000002       0.996420728594252     
   24.7750000000002       0.997199577764877     
   24.8250000000002        1.00094260137582     
   24.8750000000002       0.994288242889419     
   24.9250000000002       0.993039742836870     
   24.9750000000002       0.994334324675096     
   25.0250000000002       0.997575530271165     
   25.0750000000002       0.995005186888209     
   25.1250000000002       0.994711406473609     
   25.1750000000002       0.995819281390736     
   25.2250000000002       0.996761533767449     
   25.2750000000002       0.992761686376573     
   25.3250000000002       0.995706709159339     
   25.3750000000002       0.996962245604634     
   25.4250000000002       0.996247766146977     
   25.4750000000002       0.996877603172334     
   25.5250000000002       0.996614643466447     
   25.5750000000002       0.997430014346440     
   25.6250000000002        1.00016728196815     
   25.6750000000002       0.995621398296274     
   25.7250000000002       0.997159143588184     
   25.7750000000002       0.995768326405341     
   25.8250000000002       0.992593307610948     
   25.8750000000002       0.995181803419331     
   25.9250000000002       0.994571762615858     
   25.9750000000002       0.993664555865501     
   26.0250000000002       0.991786906612910     
   26.0750000000002       0.996059792152438     
   26.1250000000002       0.997967147085161     
   26.1750000000002       0.993367206229530     
   26.2250000000002       0.991890838139847     
   26.2750000000002       0.993839366377316     
   26.3250000000002       0.995254440621961     
   26.3750000000002       0.995583825297407     
   26.4250000000002       0.994202824106121     
   26.4750000000002       0.996368462792293     
   26.5250000000002       0.993344125135461     
   26.5750000000002       0.996230745364514     
   26.6250000000002       0.996212635427124     
   26.6750000000002       0.995384872183946     
   26.7250000000002       0.992662755673705     
   26.7750000000002       0.994989933602287     
   26.8250000000002       0.993019345276642     
   26.8750000000002       0.994923414308242     
   26.9250000000002       0.995296007227857     
   26.9750000000003       0.993049471707534     
   27.0250000000003       0.995864114180903     
   27.0750000000003       0.994807354383331     
   27.1250000000003       0.995939572598181     
   27.1750000000003       0.992913970696332     
   27.2250000000003       0.995758590198568     
   27.2750000000003       0.993983727606020     
   27.3250000000003       0.996518202964988     
   27.3750000000003       0.992938523907809     
   27.4250000000003       0.995913438546673     
   27.4750000000003       0.995593985788167     
   27.5250000000003       0.995025909034893     
   27.5750000000003       0.998942060001221     
   27.6250000000003       0.996491979946793     
   27.6750000000003       0.995535867593345     
   27.7250000000003       0.997605570171288     
   27.7750000000003       0.995922360514536     
   27.8250000000003       0.992398833352986     
   27.8750000000003       0.997942693352120     
   27.9250000000003       0.996937532832915     
   27.9750000000003        1.00050593838827     
   28.0250000000003       0.993972346285218     
   28.0750000000003       0.995078449034705     
   28.1250000000003       0.994817456933218     
   28.1750000000003       0.997390570051539     
   28.2250000000003       0.997535870110927     
   28.2750000000003       0.995013577347733     
   28.3250000000003       0.995131292836065     
   28.3750000000003       0.995508404623432     
   28.4250000000003       0.996287484048776     
   28.4750000000003       0.995217124540363     
   28.5250000000003       0.996653823219342     
   28.5750000000003       0.998491916967678     
   28.6250000000003        1.00042958367549     
   28.6750000000003       0.996619755155253     
   28.7250000000003       0.995279388454613     
   28.7750000000003        1.00113297585093     
   28.8250000000003       0.998524258227369     
   28.8750000000003       0.996683116919491     
   28.9250000000003        1.00168165046995     
   28.9750000000003       0.998555676414089     
   29.0250000000003       0.997876096254204     
   29.0750000000003       0.995186798632075     
   29.1250000000003       0.996364199525000     
   29.1750000000003       0.999880524933950     
   29.2250000000003       0.998553147559458     
   29.2750000000003       0.998393439738597     
   29.3250000000003       0.995900187914699     
   29.3750000000003       0.997112720902316     
   29.4250000000003       0.999038814844272     
   29.4750000000003       0.994355417572913     
   29.5250000000003       0.996147236261589     
   29.5750000000003       0.998558847368467     
   29.6250000000003       0.997889690760082     
   29.6750000000003       0.998127005783830     
   29.7250000000003        1.00045499881670     
   29.7750000000003       0.998014599792654     
   29.8250000000003       0.998574947268761     
   29.8750000000003       0.997942043162445     
   29.9250000000003       0.995926128040706     
   29.9750000000003       0.998805644040100     
   30.0250000000003       0.998084025045570     
   30.0750000000003       0.993694771040609     
   30.1250000000003       0.998832967344878     
   30.1750000000003       0.999557530158990     
   30.2250000000003       0.996003591373927     
   30.2750000000003       0.997771191310462     
   30.3250000000003       0.998839180501592     
   30.3750000000003       0.998680959989341     
   30.4250000000003       0.995754891018407     
   30.4750000000003        1.00103785772837     
