0.000000     nan
0.100000     nan
0.200000     nan
0.300000     nan
0.400000     nan
0.500000     nan
0.600000     nan
0.700000     nan
0.800000     nan
0.900000     nan
1.000000     nan
1.100000     nan
1.200000     nan
1.300000     nan
1.400000     nan
1.500000     nan
1.600000     nan
1.700000     nan
1.800000     nan
1.900000     nan
2.000000     nan
2.100000     nan
2.200000     nan
2.300000     nan
2.400000     nan
2.500000     nan
2.600000     nan
2.700000     nan
2.800000     nan
2.900000     nan
3.000000     nan
3.100000     nan
3.200000     nan
3.300000     nan
3.400000     nan
3.500000     nan
3.600000     nan
3.700000     nan
3.800000     nan
3.900000     nan
4.000000     nan
4.100000     nan
4.200000     nan
4.300000     nan
4.400000     nan
4.500000     nan
4.600000     nan
4.700000     nan
4.800000     nan
4.900000     nan
5.000000     nan
5.100000     nan
5.200000     nan
5.300000     nan
5.400000     nan
5.500000     nan
5.600000     nan
5.700000     nan
5.800000     nan
5.900000     nan
6.000000     nan
6.100000     nan
6.200000     nan
6.300000     nan
6.400000     nan
6.500000     nan
6.600000     nan
6.700000     nan
6.800000     nan
6.900000     nan
7.000000     nan
7.100000     nan
7.200000     nan
7.300000     nan
7.400000     nan
7.500000     nan
7.600000     nan
7.700000     nan
7.800000     nan
7.900000     nan
8.000000     nan
8.100000     nan
8.200000     nan
8.300000     nan
8.400000     nan
8.500000     nan
8.600000     nan
8.700000     nan
8.800000     nan
8.900000     nan
9.000000     nan
9.100000     nan
9.200000     nan
9.300000     nan
9.400000     nan
9.500000     nan
9.600000     nan
9.700000     nan
9.800000     nan
9.900000     nan
10.000000     nan
10.100000     nan
10.200000     nan
10.300000     nan
10.400000     nan
10.500000     nan
10.600000     nan
10.700000     nan
10.800000     nan
10.900000     nan
11.000000     nan
11.100000     nan
11.200000     nan
11.300000     nan
11.400000     nan
11.500000     nan
11.600000     nan
11.700000     nan
11.800000     nan
11.900000     nan
12.000000     nan
12.100000     nan
12.200000     nan
12.300000     nan
12.400000     nan
12.500000     nan
12.600000     nan
12.700000     nan
12.800000     nan
12.900000     nan
13.000000     nan
13.100000     nan
13.200000     nan
13.300000     nan
13.400000     nan
13.500000     nan
13.600000     nan
13.700000     nan
13.800000     nan
13.900000     nan
14.000000     nan
14.100000     nan
14.200000     nan
14.300000     nan
14.400000     nan
14.500000     nan
14.600000     nan
14.700000     nan
14.800000     nan
14.900000     nan
15.000000     nan
15.100000     nan
15.200000     nan
15.300000     nan
15.400000     nan
15.500000     nan
15.600000     nan
15.700000     nan
15.800000     nan
15.900000     nan
16.000000     nan
16.100000     nan
16.200000     nan
16.300000     nan
16.400000     nan
16.500000     nan
16.600000     nan
16.700000     nan
16.800000     nan
16.900000     nan
17.000000     nan
17.100000     nan
17.200000     nan
17.300000     nan
17.400000     nan
17.500000     nan
17.600000     nan
17.700000     nan
17.800000     nan
17.900000     nan
18.000000     nan
18.100000     nan
18.200000     nan
18.300000     nan
18.400000     nan
18.500000     nan
18.600000     nan
18.700000     nan
18.800000     nan
18.900000     nan
19.000000     nan
19.100000     nan
19.200000     nan
19.300000     nan
19.400000     nan
19.500000     nan
19.600000     nan
19.700000     nan
19.800000     nan
19.900000     nan
20.000000     nan
20.100000     nan
20.200000     nan
20.300000     nan
20.400000     nan
20.500000     nan
20.600000     nan
20.700000     nan
20.800000     nan
20.900000     nan
21.000000     nan
21.100000     nan
21.200000     nan
21.300000     nan
21.400000     nan
21.500000     nan
21.600000     nan
21.700000     nan
21.800000     nan
21.900000     nan
22.000000     nan
22.100000     nan
22.200000     nan
22.300000     nan
22.400000     nan
22.500000     nan
22.600000     nan
22.700000     nan
22.800000     nan
22.900000     nan
23.000000     nan
23.100000     nan
23.200000     nan
23.300000     nan
23.400000     nan
23.500000     nan
23.600000     nan
23.700000     nan
23.800000     nan
23.900000     nan
24.000000     nan
24.100000     nan
24.200000     nan
24.300000     nan
24.400000     nan
24.500000     nan
24.600000     nan
24.700000     nan
24.800000     nan
24.900000     nan
25.000000     nan
25.100000     nan
25.200000     nan
25.300000     nan
25.400000     nan
25.500000     nan
25.600000     nan
25.700000     nan
25.800000     nan
25.900000     nan
26.000000     nan
26.100000     nan
26.200000     nan
26.300000     nan
26.400000     nan
26.500000     nan
26.600000     nan
26.700000     nan
26.800000     nan
26.900000     nan
27.000000     nan
27.100000     nan
27.200000     nan
27.300000     nan
27.400000     nan
27.500000     nan
27.600000     nan
27.700000     nan
27.800000     nan
27.900000     nan
28.000000     nan
28.100000     nan
28.200000     nan
28.300000     nan
28.400000     nan
28.500000     nan
28.600000     nan
28.700000     nan
28.800000     nan
28.900000     nan
29.000000     nan
29.100000     nan
29.200000     nan
29.300000     nan
29.400000     nan
29.500000     nan
29.600000     nan
29.700000     nan
29.800000     nan
29.900000     nan
30.000000     nan
30.100000     nan
30.200000     nan
30.300000     nan
30.400000     nan
30.500000     nan
30.600000     nan
30.700000     nan
30.800000     nan
30.900000     nan
31.000000     nan
31.100000     nan
31.200000     nan
31.300000     nan
31.400000     nan
31.500000     nan
31.600000     nan
31.700000     nan
31.800000     nan
31.900000     nan
32.000000     nan
32.100000     nan
32.200000     nan
32.300000     nan
32.400000     nan
32.500000     nan
32.600000     nan
32.700000     nan
32.800000     nan
32.900000     nan
33.000000     nan
33.100000     nan
33.200000     nan
33.300000     nan
33.400000     nan
33.500000     nan
33.600000     nan
33.700000     nan
33.800000     nan
33.900000     nan
34.000000     nan
34.100000     nan
34.200000     nan
34.300000     nan
34.400000     nan
34.500000     nan
34.600000     nan
34.700000     nan
34.800000     nan
34.900000     nan
35.000000     nan
35.100000     nan
35.200000     nan
35.300000     nan
35.400000     nan
35.500000     nan
35.600000     nan
35.700000     nan
35.800000     nan
35.900000     nan
36.000000     nan
36.100000     nan
36.200000     nan
36.300000     nan
36.400000     nan
36.500000     nan
36.600000     nan
36.700000     nan
36.800000     nan
36.900000     nan
37.000000     nan
37.100000     nan
37.200000     nan
37.300000     nan
37.400000     nan
37.500000     nan
37.600000     nan
37.700000     nan
37.800000     nan
37.900000     nan
38.000000     nan
38.100000     nan
38.200000     nan
38.300000     nan
38.400000     nan
38.500000     nan
38.600000     nan
38.700000     nan
38.800000     nan
38.900000     nan
39.000000     nan
39.100000     nan
39.200000     nan
39.300000     nan
39.400000     nan
39.500000     nan
39.600000     nan
39.700000     nan
39.800000     nan
39.900000     nan
40.000000     nan
40.100000     nan
40.200000     nan
40.300000     nan
40.400000     nan
40.500000     nan
40.600000     nan
40.700000     nan
40.800000     nan
40.900000     nan
41.000000     nan
41.100000     nan
41.200000     nan
41.300000     nan
41.400000     nan
41.500000     nan
41.600000     nan
41.700000     nan
41.800000     nan
41.900000     nan
42.000000     nan
42.100000     nan
42.200000     nan
42.300000     nan
42.400000     nan
42.500000     nan
42.600000     nan
42.700000     nan
42.800000     nan
42.900000     nan
43.000000     nan
43.100000     nan
43.200000     nan
43.300000     nan
43.400000     nan
43.500000     nan
43.600000     nan
43.700000     nan
43.800000     nan
43.900000     nan
44.000000     nan
44.100000     nan
44.200000     nan
44.300000     nan
44.400000     nan
44.500000     nan
44.600000     nan
44.700000     nan
44.800000     nan
44.900000     nan
45.000000     nan
45.100000     nan
45.200000     nan
45.300000     nan
45.400000     nan
45.500000     nan
45.600000     nan
45.700000     nan
45.800000     nan
45.900000     nan
46.000000     nan
46.100000     nan
46.200000     nan
46.300000     nan
46.400000     nan
46.500000     nan
46.600000     nan
46.700000     nan
46.800000     nan
46.900000     nan
47.000000     nan
47.100000     nan
47.200000     nan
47.300000     nan
47.400000     nan
47.500000     nan
47.600000     nan
47.700000     nan
47.800000     nan
47.900000     nan
48.000000     nan
48.100000     nan
48.200000     nan
48.300000     nan
48.400000     nan
48.500000     nan
48.600000     nan
48.700000     nan
48.800000     nan
48.900000     nan
49.000000     nan
49.100000     nan
49.200000     nan
49.300000     nan
49.400000     nan
49.500000     nan
49.600000     nan
49.700000     nan
49.800000     nan
49.900000     nan
50.000000     nan
50.100000     nan
50.200000     nan
50.300000     nan
50.400000     nan
50.500000     nan
50.600000     nan
50.700000     nan
50.800000     nan
50.900000     nan
51.000000     nan
51.100000     nan
51.200000     nan
51.300000     nan
51.400000     nan
51.500000     nan
51.600000     nan
51.700000     nan
51.800000     nan
51.900000     nan
52.000000     nan
52.100000     nan
52.200000     nan
52.300000     nan
52.400000     nan
52.500000     nan
52.600000     nan
52.700000     nan
52.800000     nan
52.900000     nan
53.000000     nan
53.100000     nan
53.200000     nan
53.300000     nan
53.400000     nan
53.500000     nan
53.600000     nan
53.700000     nan
53.800000     nan
53.900000     nan
54.000000     nan
54.100000     nan
54.200000     nan
54.300000     nan
54.400000     nan
54.500000     nan
54.600000     nan
54.700000     nan
54.800000     nan
54.900000     nan
55.000000     nan
55.100000     nan
55.200000     nan
55.300000     nan
55.400000     nan
55.500000     nan
55.600000     nan
55.700000     nan
55.800000     nan
55.900000     nan
56.000000     nan
56.100000     nan
56.200000     nan
56.300000     nan
56.400000     nan
56.500000     nan
56.600000     nan
56.700000     nan
56.800000     nan
56.900000     nan
57.000000     nan
57.100000     nan
57.200000     nan
57.300000     nan
57.400000     nan
57.500000     nan
57.600000     nan
57.700000     nan
57.800000     nan
57.900000     nan
58.000000     nan
58.100000     nan
58.200000     nan
58.300000     nan
58.400000     nan
58.500000     nan
58.600000     nan
58.700000     nan
58.800000     nan
58.900000     nan
59.000000     nan
59.100000     nan
59.200000     nan
59.300000     nan
59.400000     nan
59.500000     nan
59.600000     nan
59.700000     nan
59.800000     nan
59.900000     nan
60.000000     nan
60.100000     nan
60.200000     nan
60.300000     nan
60.400000     nan
60.500000     nan
60.600000     nan
60.700000     nan
60.800000     nan
60.900000     nan
61.000000     nan
61.100000     nan
61.200000     nan
61.300000     nan
61.400000     nan
61.500000     nan
61.600000     nan
61.700000     nan
61.800000     nan
61.900000     nan
62.000000     nan
62.100000     nan
62.200000     nan
62.300000     nan
62.400000     nan
62.500000     nan
62.600000     nan
62.700000     nan
62.800000     nan
62.900000     nan
63.000000     nan
63.100000     nan
63.200000     nan
63.300000     nan
63.400000     nan
63.500000     nan
63.600000     nan
63.700000     nan
63.800000     nan
63.900000     nan
64.000000     nan
64.100000     nan
64.200000     nan
64.300000     nan
64.400000     nan
64.500000     nan
64.600000     nan
64.700000     nan
64.800000     nan
64.900000     nan
65.000000     nan
65.100000     nan
65.200000     nan
65.300000     nan
65.400000     nan
65.500000     nan
65.600000     nan
65.700000     nan
65.800000     nan
65.900000     nan
66.000000     nan
66.100000     nan
66.200000     nan
66.300000     nan
66.400000     nan
66.500000     nan
66.600000     nan
66.700000     nan
66.800000     nan
66.900000     nan
67.000000     nan
67.100000     nan
67.200000     nan
67.300000     nan
67.400000     nan
67.500000     nan
67.600000     nan
67.700000     nan
67.800000     nan
67.900000     nan
68.000000     nan
68.100000     nan
68.200000     nan
68.300000     nan
68.400000     nan
68.500000     nan
68.600000     nan
68.700000     nan
68.800000     nan
68.900000     nan
69.000000     nan
69.100000     nan
69.200000     nan
69.300000     nan
69.400000     nan
69.500000     nan
69.600000     nan
69.700000     nan
69.800000     nan
69.900000     nan
70.000000     nan
70.100000     nan
70.200000     nan
70.300000     nan
70.400000     nan
70.500000     nan
70.600000     nan
70.700000     nan
70.800000     nan
70.900000     nan
71.000000     nan
71.100000     nan
71.200000     nan
71.300000     nan
71.400000     nan
71.500000     nan
71.600000     nan
71.700000     nan
71.800000     nan
71.900000     nan
72.000000     nan
72.100000     nan
72.200000     nan
72.300000     nan
72.400000     nan
72.500000     nan
72.600000     nan
72.700000     nan
72.800000     nan
72.900000     nan
73.000000     nan
73.100000     nan
73.200000     nan
73.300000     nan
73.400000     nan
73.500000     nan
73.600000     nan
73.700000     nan
73.800000     nan
73.900000     nan
74.000000     nan
74.100000     nan
74.200000     nan
74.300000     nan
74.400000     nan
74.500000     nan
74.600000     nan
74.700000     nan
74.800000     nan
74.900000     nan
75.000000     nan
75.100000     nan
75.200000     nan
75.300000     nan
75.400000     nan
75.500000     nan
75.600000     nan
75.700000     nan
75.800000     nan
75.900000     nan
76.000000     nan
76.100000     nan
76.200000     nan
76.300000     nan
76.400000     nan
76.500000     nan
76.600000     nan
76.700000     nan
76.800000     nan
76.900000     nan
77.000000     nan
77.100000     nan
77.200000     nan
77.300000     nan
77.400000     nan
77.500000     nan
77.600000     nan
77.700000     nan
77.800000     nan
77.900000     nan
78.000000     nan
78.100000     nan
78.200000     nan
78.300000     nan
78.400000     nan
78.500000     nan
78.600000     nan
78.700000     nan
78.800000     nan
78.900000     nan
79.000000     nan
79.100000     nan
79.200000     nan
79.300000     nan
79.400000     nan
79.500000     nan
79.600000     nan
79.700000     nan
79.800000     nan
79.900000     nan
80.000000     nan
80.100000     nan
80.200000     nan
80.300000     nan
80.400000     nan
80.500000     nan
80.600000     nan
80.700000     nan
80.800000     nan
80.900000     nan
81.000000     nan
81.100000     nan
81.200000     nan
81.300000     nan
81.400000     nan
81.500000     nan
81.600000     nan
81.700000     nan
81.800000     nan
81.900000     nan
82.000000     nan
82.100000     nan
82.200000     nan
82.300000     nan
82.400000     nan
82.500000     nan
82.600000     nan
82.700000     nan
82.800000     nan
82.900000     nan
83.000000     nan
83.100000     nan
83.200000     nan
83.300000     nan
83.400000     nan
83.500000     nan
83.600000     nan
83.700000     nan
83.800000     nan
83.900000     nan
84.000000     nan
84.100000     nan
84.200000     nan
84.300000     nan
84.400000     nan
84.500000     nan
84.600000     nan
84.700000     nan
84.800000     nan
84.900000     nan
85.000000     nan
85.100000     nan
85.200000     nan
85.300000     nan
85.400000     nan
85.500000     nan
85.600000     nan
85.700000     nan
85.800000     nan
85.900000     nan
86.000000     nan
86.100000     nan
86.200000     nan
86.300000     nan
86.400000     nan
86.500000     nan
86.600000     nan
86.700000     nan
86.800000     nan
86.900000     nan
87.000000     nan
87.100000     nan
87.200000     nan
87.300000     nan
87.400000     nan
87.500000     nan
87.600000     nan
87.700000     nan
87.800000     nan
87.900000     nan
88.000000     nan
88.100000     nan
88.200000     nan
88.300000     nan
88.400000     nan
88.500000     nan
88.600000     nan
88.700000     nan
88.800000     nan
88.900000     nan
89.000000     nan
89.100000     nan
89.200000     nan
89.300000     nan
89.400000     nan
89.500000     nan
89.600000     nan
89.700000     nan
89.800000     nan
89.900000     nan
90.000000     nan
90.100000     nan
90.200000     nan
90.300000     nan
90.400000     nan
90.500000     nan
90.600000     nan
90.700000     nan
90.800000     nan
90.900000     nan
91.000000     nan
91.100000     nan
91.200000     nan
91.300000     nan
91.400000     nan
91.500000     nan
91.600000     nan
91.700000     nan
91.800000     nan
91.900000     nan
92.000000     nan
92.100000     nan
92.200000     nan
92.300000     nan
92.400000     nan
92.500000     nan
92.600000     nan
92.700000     nan
92.800000     nan
92.900000     nan
93.000000     nan
93.100000     nan
93.200000     nan
93.300000     nan
93.400000     nan
93.500000     nan
93.600000     nan
93.700000     nan
93.800000     nan
93.900000     nan
94.000000     nan
94.100000     nan
94.200000     nan
94.300000     nan
94.400000     nan
94.500000     nan
94.600000     nan
94.700000     nan
94.800000     nan
94.900000     nan
95.000000     nan
95.100000     nan
95.200000     nan
95.300000     nan
95.400000     nan
95.500000     nan
95.600000     nan
95.700000     nan
95.800000     nan
95.900000     nan
96.000000     nan
96.100000     nan
96.200000     nan
96.300000     nan
96.400000     nan
96.500000     nan
96.600000     nan
96.700000     nan
96.800000     nan
96.900000     nan
97.000000     nan
97.100000     nan
97.200000     nan
97.300000     nan
97.400000     nan
97.500000     nan
97.600000     nan
97.700000     nan
97.800000     nan
97.900000     nan
98.000000     nan
98.100000     nan
98.200000     nan
98.300000     nan
98.400000     nan
98.500000     nan
98.600000     nan
98.700000     nan
98.800000     nan
98.900000     nan
99.000000     nan
99.100000     nan
99.200000     nan
99.300000     nan
99.400000     nan
99.500000     nan
99.600000     nan
99.700000     nan
99.800000     nan
99.900000     nan
100.000000     nan
100.100000     nan
100.200000     nan
100.300000     nan
100.400000     nan
100.500000     nan
100.600000     nan
100.700000     nan
100.800000     nan
100.900000     nan
101.000000     nan
101.100000     nan
101.200000     nan
101.300000     nan
101.400000     nan
101.500000     nan
101.600000     nan
101.700000     nan
101.800000     nan
101.900000     nan
102.000000     nan
102.100000     nan
102.200000     nan
102.300000     nan
102.400000     nan
102.500000     nan
102.600000     nan
102.700000     nan
102.800000     nan
102.900000     nan
103.000000     nan
103.100000     nan
103.200000     nan
103.300000     nan
103.400000     nan
103.500000     nan
103.600000     nan
103.700000     nan
103.800000     nan
103.900000     nan
104.000000     nan
104.100000     nan
104.200000     nan
104.300000     nan
104.400000     nan
104.500000     nan
104.600000     nan
104.700000     nan
104.800000     nan
104.900000     nan
105.000000     nan
105.100000     nan
105.200000     nan
105.300000     nan
105.400000     nan
105.500000     nan
105.600000     nan
105.700000     nan
105.800000     nan
105.900000     nan
106.000000     nan
106.100000     nan
106.200000     nan
106.300000     nan
106.400000     nan
106.500000     nan
106.600000     nan
106.700000     nan
106.800000     nan
106.900000     nan
107.000000     nan
107.100000     nan
107.200000     nan
107.300000     nan
107.400000     nan
107.500000     nan
107.600000     nan
107.700000     nan
107.800000     nan
107.900000     nan
108.000000     nan
108.100000     nan
108.200000     nan
108.300000     nan
108.400000     nan
108.500000     nan
108.600000     nan
108.700000     nan
108.800000     nan
108.900000     nan
109.000000     nan
109.100000     nan
109.200000     nan
109.300000     nan
109.400000     nan
109.500000     nan
109.600000     nan
109.700000     nan
109.800000     nan
109.900000     nan
110.000000     nan
110.100000     nan
110.200000     nan
110.300000     nan
110.400000     nan
110.500000     nan
110.600000     nan
110.700000     nan
110.800000     nan
110.900000     nan
111.000000     nan
111.100000     nan
111.200000     nan
111.300000     nan
111.400000     nan
111.500000     nan
111.600000     nan
111.700000     nan
111.800000     nan
111.900000     nan
112.000000     nan
112.100000     nan
112.200000     nan
112.300000     nan
112.400000     nan
112.500000     nan
112.600000     nan
112.700000     nan
112.800000     nan
112.900000     nan
113.000000     nan
113.100000     nan
113.200000     nan
113.300000     nan
113.400000     nan
113.500000     nan
113.600000     nan
113.700000     nan
113.800000     nan
113.900000     nan
114.000000     nan
114.100000     nan
114.200000     nan
114.300000     nan
114.400000     nan
114.500000     nan
114.600000     nan
114.700000     nan
114.800000     nan
114.900000     nan
115.000000     nan
115.100000     nan
115.200000     nan
115.300000     nan
115.400000     nan
115.500000     nan
115.600000     nan
115.700000     nan
115.800000     nan
115.900000     nan
116.000000     nan
116.100000     nan
116.200000     nan
116.300000     nan
116.400000     nan
116.500000     nan
116.600000     nan
116.700000     nan
116.800000     nan
116.900000     nan
117.000000     nan
117.100000     nan
117.200000     nan
117.300000     nan
117.400000     nan
117.500000     nan
117.600000     nan
117.700000     nan
117.800000     nan
117.900000     nan
118.000000     nan
118.100000     nan
118.200000     nan
118.300000     nan
118.400000     nan
118.500000     nan
118.600000     nan
118.700000     nan
118.800000     nan
118.900000     nan
119.000000     nan
119.100000     nan
119.200000     nan
119.300000     nan
119.400000     nan
119.500000     nan
119.600000     nan
119.700000     nan
119.800000     nan
119.900000     nan
120.000000     nan
120.100000     nan
120.200000     nan
120.300000     nan
120.400000     nan
120.500000     nan
120.600000     nan
120.700000     nan
120.800000     nan
120.900000     nan
121.000000     nan
121.100000     nan
121.200000     nan
121.300000     nan
121.400000     nan
121.500000     nan
121.600000     nan
121.700000     nan
121.800000     nan
121.900000     nan
122.000000     nan
122.100000     nan
122.200000     nan
122.300000     nan
122.400000     nan
122.500000     nan
122.600000     nan
122.700000     nan
122.800000     nan
122.900000     nan
123.000000     nan
123.100000     nan
123.200000     nan
123.300000     nan
123.400000     nan
123.500000     nan
123.600000     nan
123.700000     nan
123.800000     nan
123.900000     nan
124.000000     nan
124.100000     nan
124.200000     nan
124.300000     nan
124.400000     nan
124.500000     nan
124.600000     nan
124.700000     nan
124.800000     nan
124.900000     nan
125.000000     nan
125.100000     nan
125.200000     nan
125.300000     nan
125.400000     nan
125.500000     nan
125.600000     nan
125.700000     nan
125.800000     nan
125.900000     nan
126.000000     nan
126.100000     nan
126.200000     nan
126.300000     nan
126.400000     nan
126.500000     nan
126.600000     nan
126.700000     nan
126.800000     nan
126.900000     nan
127.000000     nan
127.100000     nan
127.200000     nan
127.300000     nan
127.400000     nan
127.500000     nan
127.600000     nan
127.700000     nan
127.800000     nan
127.900000     nan
128.000000     nan
128.100000     nan
128.200000     nan
128.300000     nan
128.400000     nan
128.500000     nan
128.600000     nan
128.700000     nan
128.800000     nan
128.900000     nan
129.000000     nan
129.100000     nan
129.200000     nan
129.300000     nan
129.400000     nan
129.500000     nan
129.600000     nan
129.700000     nan
129.800000     nan
129.900000     nan
130.000000     nan
130.100000     nan
130.200000     nan
130.300000     nan
130.400000     nan
130.500000     nan
130.600000     nan
130.700000     nan
130.800000     nan
130.900000     nan
131.000000     nan
131.100000     nan
131.200000     nan
131.300000     nan
131.400000     nan
131.500000     nan
131.600000     nan
131.700000     nan
131.800000     nan
131.900000     nan
132.000000     nan
132.100000     nan
132.200000     nan
132.300000     nan
132.400000     nan
132.500000     nan
132.600000     nan
132.700000     nan
132.800000     nan
132.900000     nan
133.000000     nan
133.100000     nan
133.200000     nan
133.300000     nan
133.400000     nan
133.500000     nan
133.600000     nan
133.700000     nan
133.800000     nan
133.900000     nan
134.000000     nan
134.100000     nan
134.200000     nan
134.300000     nan
134.400000     nan
134.500000     nan
134.600000     nan
134.700000     nan
134.800000     nan
134.900000     nan
135.000000     nan
135.100000     nan
135.200000     nan
135.300000     nan
135.400000     nan
135.500000     nan
135.600000     nan
135.700000     nan
135.800000     nan
135.900000     nan
136.000000     nan
136.100000     nan
136.200000     nan
136.300000     nan
136.400000     nan
136.500000     nan
136.600000     nan
136.700000     nan
136.800000     nan
136.900000     nan
137.000000     nan
137.100000     nan
137.200000     nan
137.300000     nan
137.400000     nan
137.500000     nan
137.600000     nan
137.700000     nan
137.800000     nan
137.900000     nan
138.000000     nan
138.100000     nan
138.200000     nan
138.300000     nan
138.400000     nan
138.500000     nan
138.600000     nan
138.700000     nan
138.800000     nan
138.900000     nan
139.000000     nan
139.100000     nan
139.200000     nan
139.300000     nan
139.400000     nan
139.500000     nan
139.600000     nan
139.700000     nan
139.800000     nan
139.900000     nan
140.000000     nan
140.100000     nan
140.200000     nan
140.300000     nan
140.400000     nan
140.500000     nan
140.600000     nan
140.700000     nan
140.800000     nan
140.900000     nan
141.000000     nan
141.100000     nan
141.200000     nan
141.300000     nan
141.400000     nan
141.500000     nan
141.600000     nan
141.700000     nan
141.800000     nan
141.900000     nan
142.000000     nan
142.100000     nan
142.200000     nan
142.300000     nan
142.400000     nan
142.500000     nan
142.600000     nan
142.700000     nan
142.800000     nan
142.900000     nan
143.000000     nan
143.100000     nan
143.200000     nan
143.300000     nan
143.400000     nan
143.500000     nan
143.600000     nan
143.700000     nan
143.800000     nan
143.900000     nan
144.000000     nan
144.100000     nan
144.200000     nan
144.300000     nan
144.400000     nan
144.500000     nan
144.600000     nan
144.700000     nan
144.800000     nan
144.900000     nan
145.000000     nan
145.100000     nan
145.200000     nan
145.300000     nan
145.400000     nan
145.500000     nan
145.600000     nan
145.700000     nan
145.800000     nan
145.900000     nan
146.000000     nan
146.100000     nan
146.200000     nan
146.300000     nan
146.400000     nan
146.500000     nan
146.600000     nan
146.700000     nan
146.800000     nan
146.900000     nan
147.000000     nan
147.100000     nan
147.200000     nan
147.300000     nan
147.400000     nan
147.500000     nan
147.600000     nan
147.700000     nan
147.800000     nan
147.900000     nan
148.000000     nan
148.100000     nan
148.200000     nan
148.300000     nan
148.400000     nan
148.500000     nan
148.600000     nan
148.700000     nan
148.800000     nan
148.900000     nan
149.000000     nan
149.100000     nan
149.200000     nan
149.300000     nan
149.400000     nan
149.500000     nan
149.600000     nan
149.700000     nan
149.800000     nan
149.900000     nan
150.000000     nan
150.100000     nan
150.200000     nan
150.300000     nan
150.400000     nan
150.500000     nan
150.600000     nan
150.700000     nan
150.800000     nan
150.900000     nan
151.000000     nan
151.100000     nan
151.200000     nan
151.300000     nan
151.400000     nan
151.500000     nan
151.600000     nan
151.700000     nan
151.800000     nan
151.900000     nan
152.000000     nan
152.100000     nan
152.200000     nan
152.300000     nan
152.400000     nan
152.500000     nan
152.600000     nan
152.700000     nan
152.800000     nan
152.900000     nan
153.000000     nan
153.100000     nan
153.200000     nan
153.300000     nan
153.400000     nan
153.500000     nan
153.600000     nan
153.700000     nan
153.800000     nan
153.900000     nan
154.000000     nan
154.100000     nan
154.200000     nan
154.300000     nan
154.400000     nan
154.500000     nan
154.600000     nan
154.700000     nan
154.800000     nan
154.900000     nan
155.000000     nan
155.100000     nan
155.200000     nan
155.300000     nan
155.400000     nan
155.500000     nan
155.600000     nan
155.700000     nan
155.800000     nan
155.900000     nan
156.000000     nan
156.100000     nan
156.200000     nan
156.300000     nan
156.400000     nan
156.500000     nan
156.600000     nan
156.700000     nan
156.800000     nan
156.900000     nan
157.000000     nan
157.100000     nan
157.200000     nan
157.300000     nan
157.400000     nan
157.500000     nan
157.600000     nan
157.700000     nan
157.800000     nan
157.900000     nan
158.000000     nan
158.100000     nan
158.200000     nan
158.300000     nan
158.400000     nan
158.500000     nan
158.600000     nan
158.700000     nan
158.800000     nan
158.900000     nan
159.000000     nan
159.100000     nan
159.200000     nan
159.300000     nan
159.400000     nan
159.500000     nan
159.600000     nan
159.700000     nan
159.800000     nan
159.900000     nan
160.000000     nan
160.100000     nan
160.200000     nan
160.300000     nan
160.400000     nan
160.500000     nan
160.600000     nan
160.700000     nan
160.800000     nan
160.900000     nan
161.000000     nan
161.100000     nan
161.200000     nan
161.300000     nan
161.400000     nan
161.500000     nan
161.600000     nan
161.700000     nan
161.800000     nan
161.900000     nan
162.000000     nan
162.100000     nan
162.200000     nan
162.300000     nan
162.400000     nan
162.500000     nan
162.600000     nan
162.700000     nan
162.800000     nan
162.900000     nan
163.000000     nan
163.100000     nan
163.200000     nan
163.300000     nan
163.400000     nan
163.500000     nan
163.600000     nan
163.700000     nan
163.800000     nan
163.900000     nan
164.000000     nan
164.100000     nan
164.200000     nan
164.300000     nan
164.400000     nan
164.500000     nan
164.600000     nan
164.700000     nan
164.800000     nan
164.900000     nan
165.000000     nan
165.100000     nan
165.200000     nan
165.300000     nan
165.400000     nan
165.500000     nan
165.600000     nan
165.700000     nan
165.800000     nan
165.900000     nan
166.000000     nan
166.100000     nan
166.200000     nan
166.300000     nan
166.400000     nan
166.500000     nan
166.600000     nan
166.700000     nan
166.800000     nan
166.900000     nan
167.000000     nan
167.100000     nan
167.200000     nan
167.300000     nan
167.400000     nan
167.500000     nan
167.600000     nan
167.700000     nan
167.800000     nan
167.900000     nan
168.000000     nan
168.100000     nan
168.200000     nan
168.300000     nan
168.400000     nan
168.500000     nan
168.600000     nan
168.700000     nan
168.800000     nan
168.900000     nan
169.000000     nan
169.100000     nan
169.200000     nan
169.300000     nan
169.400000     nan
169.500000     nan
169.600000     nan
169.700000     nan
169.800000     nan
169.900000     nan
170.000000     nan
170.100000     nan
170.200000     nan
170.300000     nan
170.400000     nan
170.500000     nan
170.600000     nan
170.700000     nan
170.800000     nan
170.900000     nan
171.000000     nan
171.100000     nan
171.200000     nan
171.300000     nan
171.400000     nan
171.500000     nan
171.600000     nan
171.700000     nan
171.800000     nan
171.900000     nan
