  2.500000000000000E-002  0.000000000000000E+000
  7.500000000000001E-002  0.000000000000000E+000
  0.125000000000000       0.000000000000000E+000
  0.175000000000000       0.000000000000000E+000
  0.225000000000000       0.000000000000000E+000
  0.275000000000000       0.000000000000000E+000
  0.325000000000000       0.000000000000000E+000
  0.375000000000000       0.000000000000000E+000
  0.425000000000000       0.000000000000000E+000
  0.475000000000000       0.000000000000000E+000
  0.525000000000000       0.000000000000000E+000
  0.575000000000000       0.000000000000000E+000
  0.625000000000000       0.000000000000000E+000
  0.675000000000000       0.000000000000000E+000
  0.725000000000000       0.000000000000000E+000
  0.775000000000000       0.000000000000000E+000
  0.825000000000000       0.000000000000000E+000
  0.875000000000000       0.000000000000000E+000
  0.925000000000000       0.000000000000000E+000
  0.975000000000000       0.000000000000000E+000
   1.02500000000000       0.000000000000000E+000
   1.07500000000000       0.000000000000000E+000
   1.12500000000000       0.000000000000000E+000
   1.17500000000000       0.000000000000000E+000
   1.22500000000000       0.000000000000000E+000
   1.27500000000000       0.000000000000000E+000
   1.32500000000000       0.000000000000000E+000
   1.37500000000000       0.000000000000000E+000
   1.42500000000000       0.000000000000000E+000
   1.47500000000000       0.000000000000000E+000
   1.52500000000000       0.000000000000000E+000
   1.57500000000000       0.000000000000000E+000
   1.62500000000000       0.000000000000000E+000
   1.67500000000000       0.000000000000000E+000
   1.72500000000000       0.000000000000000E+000
   1.77500000000000       0.000000000000000E+000
   1.82500000000000       0.000000000000000E+000
   1.87500000000000       0.000000000000000E+000
   1.92500000000000       0.000000000000000E+000
   1.97500000000000       0.000000000000000E+000
   2.02500000000000       0.000000000000000E+000
   2.07500000000000       0.000000000000000E+000
   2.12500000000000       0.000000000000000E+000
   2.17500000000000       0.000000000000000E+000
   2.22500000000000       0.000000000000000E+000
   2.27500000000000       0.000000000000000E+000
   2.32500000000000       0.000000000000000E+000
   2.37500000000000       0.000000000000000E+000
   2.42500000000000       0.000000000000000E+000
   2.47500000000000       0.000000000000000E+000
   2.52500000000000       0.000000000000000E+000
   2.57500000000000       0.000000000000000E+000
   2.62500000000000       0.000000000000000E+000
   2.67500000000000       0.000000000000000E+000
   2.72500000000000       0.000000000000000E+000
   2.77500000000000       0.000000000000000E+000
   2.82500000000000       0.000000000000000E+000
   2.87500000000000       0.000000000000000E+000
   2.92500000000000       0.000000000000000E+000
   2.97500000000000       0.000000000000000E+000
   3.02500000000000       0.000000000000000E+000
   3.07500000000000       0.000000000000000E+000
   3.12500000000000       0.000000000000000E+000
   3.17500000000000       0.000000000000000E+000
   3.22500000000000       0.000000000000000E+000
   3.27500000000000       0.000000000000000E+000
   3.32500000000000       0.000000000000000E+000
   3.37500000000000       0.000000000000000E+000
   3.42500000000000       0.000000000000000E+000
   3.47500000000000       0.000000000000000E+000
   3.52500000000000       0.000000000000000E+000
   3.57500000000000       0.000000000000000E+000
   3.62500000000000       0.000000000000000E+000
   3.67500000000000       0.000000000000000E+000
   3.72500000000000       0.000000000000000E+000
   3.77500000000000       0.000000000000000E+000
   3.82499999999999       0.000000000000000E+000
   3.87499999999999       0.000000000000000E+000
   3.92499999999999       0.000000000000000E+000
   3.97499999999999       0.000000000000000E+000
   4.02499999999999       0.000000000000000E+000
   4.07499999999999       0.000000000000000E+000
   4.12499999999999       0.000000000000000E+000
   4.17499999999999       0.000000000000000E+000
   4.22499999999999       0.000000000000000E+000
   4.27499999999999       0.000000000000000E+000
   4.32499999999999       0.000000000000000E+000
   4.37499999999999       0.000000000000000E+000
   4.42499999999999       0.000000000000000E+000
   4.47499999999999       0.000000000000000E+000
   4.52499999999999       0.000000000000000E+000
   4.57499999999999       0.000000000000000E+000
   4.62499999999999       0.000000000000000E+000
   4.67499999999999       0.000000000000000E+000
   4.72499999999999       0.000000000000000E+000
   4.77499999999999       0.000000000000000E+000
   4.82499999999999       0.000000000000000E+000
   4.87499999999999       0.000000000000000E+000
   4.92499999999999       0.000000000000000E+000
   4.97499999999999       0.000000000000000E+000
   5.02499999999999       0.147178295687563     
   5.07499999999999       0.166383500094992     
   5.12499999999999       0.189112898339424     
   5.17499999999999       0.210768437497713     
   5.22499999999999       0.233714634713124     
   5.27499999999999       0.257298773798504     
   5.32499999999999       0.275102977378083     
   5.37499999999999       0.305098023444261     
   5.42499999999999       0.335326519475623     
   5.47499999999999       0.373443505465330     
   5.52499999999999       0.395339159722560     
   5.57499999999999       0.441018931171625     
   5.62499999999999       0.474601043480430     
   5.67499999999999       0.525444378529777     
   5.72499999999999       0.564182762801108     
   5.77499999999999       0.601641997017596     
   5.82499999999999       0.654772191610395     
   5.87499999999999       0.705098454414998     
   5.92499999999999       0.760457221466661     
   5.97499999999999       0.813682259884371     
   6.02499999999999       0.887807381351965     
   6.07499999999999       0.947645829459053     
   6.12499999999999       0.993503763068586     
   6.17499999999999        1.04776508998765     
   6.22499999999999        1.10284209579624     
   6.27499999999999        1.16360653398326     
   6.32499999999999        1.23772672289435     
   6.37499999999999        1.27222091752781     
   6.42499999999999        1.32113816935618     
   6.47499999999999        1.39397864217161     
   6.52499999999999        1.43187908565972     
   6.57499999999999        1.47985533929567     
   6.62499999999998        1.53064959868866     
   6.67499999999998        1.56288713440587     
   6.72499999999998        1.57902329575871     
   6.77499999999998        1.62501188325153     
   6.82499999999998        1.64292613575261     
   6.87499999999998        1.62809652495475     
   6.92499999999998        1.64407810960202     
   6.97499999999998        1.66310204776116     
   7.02499999999998        1.66179280468217     
   7.07499999999998        1.65652030070490     
   7.12499999999998        1.65585702776272     
   7.17499999999998        1.65009539174195     
   7.22499999999998        1.61410052307396     
   7.27499999999998        1.60785946527256     
   7.32499999999998        1.60138533889312     
   7.37499999999998        1.58007741660197     
   7.42499999999998        1.54342903004360     
   7.47499999999998        1.53194204732847     
   7.52499999999998        1.50778407621254     
   7.57499999999998        1.48164941814286     
   7.62499999999998        1.44173871967049     
   7.67499999999998        1.44746922448387     
   7.72499999999998        1.40385934597161     
   7.77499999999998        1.39071686106778     
   7.82499999999998        1.36131192647683     
   7.87499999999998        1.33894694876551     
   7.92499999999998        1.32958251344927     
   7.97499999999998        1.30195798793156     
   8.02499999999998        1.27765114348060     
   8.07499999999998        1.26949560959015     
   8.12499999999998        1.23965726600419     
   8.17499999999998        1.23606007231210     
   8.22499999999998        1.21924210570386     
   8.27499999999998        1.19350682158156     
   8.32499999999999        1.18719502486821     
   8.37499999999999        1.17312629834541     
   8.42499999999999        1.15828904307646     
   8.47499999999999        1.15409267388971     
   8.52499999999999        1.13180270133354     
   8.57499999999999        1.12223493048166     
   8.62499999999999        1.10659039065297     
   8.67499999999999        1.10278168091037     
   8.72499999999999        1.10121177536120     
   8.77499999999999        1.08453441048638     
   8.82499999999999        1.07535293226883     
   8.87499999999999        1.08408122501465     
   8.92499999999999        1.06938934343706     
   8.97499999999999        1.06423450861879     
   9.02500000000000        1.06384035504898     
   9.07500000000000        1.06843469388313     
   9.12500000000000        1.05507674770110     
   9.17500000000000        1.05616090611667     
   9.22500000000000        1.05708004029043     
   9.27500000000000        1.05413861859247     
   9.32500000000000        1.06106609101624     
   9.37500000000000        1.06136396983983     
   9.42500000000000        1.06266333843765     
   9.47500000000000        1.06500796998826     
   9.52500000000000        1.08031019325717     
   9.57500000000000        1.08274966348340     
   9.62500000000000        1.09295235289017     
   9.67500000000000        1.10792803338916     
   9.72500000000000        1.12244324880491     
   9.77500000000001        1.14369312256858     
   9.82500000000001        1.15126163261582     
   9.87500000000001        1.17651617097309     
   9.92500000000001        1.20670561431524     
   9.97500000000001        1.22642943100944     
   10.0250000000000        1.24925028348013     
   10.0750000000000        1.25278550909951     
   10.1250000000000        1.23013560350223     
   10.1750000000000        1.22810732244019     
   10.2250000000000        1.20239118014219     
   10.2750000000000        1.18329670514504     
   10.3250000000000        1.15125665564083     
   10.3750000000000        1.12495874296505     
   10.4250000000000        1.10359852591133     
   10.4750000000000        1.07119428068723     
   10.5250000000000        1.05989947047861     
   10.5750000000000        1.03415259166838     
   10.6250000000000        1.01532228980654     
   10.6750000000000        1.00042438130034     
   10.7250000000000       0.983423676669899     
   10.7750000000000       0.958215788108452     
   10.8250000000000       0.944162783867909     
   10.8750000000000       0.931033489732393     
   10.9250000000000       0.920450120139320     
   10.9750000000000       0.903609818911713     
   11.0250000000000       0.898404430334178     
   11.0750000000000       0.881290938866227     
   11.1250000000000       0.873040426361665     
   11.1750000000000       0.864052207100940     
   11.2250000000000       0.865976432395751     
   11.2750000000000       0.856306034861778     
   11.3250000000000       0.847247589250074     
   11.3750000000000       0.837669336616706     
   11.4250000000000       0.830145927168006     
   11.4750000000000       0.835787427309328     
   11.5250000000000       0.830540026422335     
   11.5750000000000       0.827845977165423     
   11.6250000000000       0.826854873540022     
   11.6750000000000       0.821493912320199     
   11.7250000000000       0.826573722336542     
   11.7750000000000       0.820220271497329     
   11.8250000000000       0.820370925036360     
   11.8750000000000       0.822843599021847     
   11.9250000000000       0.821657811719486     
   11.9750000000000       0.825847828986593     
   12.0250000000000       0.818338564457394     
   12.0750000000000       0.826611532210972     
   12.1250000000000       0.821036797879947     
   12.1750000000000       0.829843457432594     
   12.2250000000000       0.840744985401221     
   12.2750000000000       0.828874862114389     
   12.3250000000000       0.839003478892008     
   12.3750000000000       0.839977661437543     
   12.4250000000000       0.849201403980499     
   12.4750000000000       0.849226595675938     
   12.5250000000000       0.860407224655787     
   12.5750000000000       0.862716672161236     
   12.6250000000000       0.867328224387371     
   12.6750000000000       0.869071709594824     
   12.7250000000000       0.875836518514843     
   12.7750000000000       0.878470796384409     
   12.8250000000000       0.890152150947569     
   12.8750000000000       0.893467193582998     
   12.9250000000001       0.900515731498022     
   12.9750000000001       0.896995219399196     
   13.0250000000001       0.911229228608017     
   13.0750000000001       0.909582547176457     
   13.1250000000001       0.920228465663396     
   13.1750000000001       0.928527667162830     
   13.2250000000001       0.938779483214548     
   13.2750000000001       0.940266690241905     
   13.3250000000001       0.946041378774657     
   13.3750000000001       0.950845354453145     
   13.4250000000001       0.961226557825444     
   13.4750000000001       0.957662687648279     
   13.5250000000001       0.968171282967631     
   13.5750000000001       0.979504026814528     
   13.6250000000001       0.977801245807713     
   13.6750000000001       0.991539186888691     
   13.7250000000001       0.998219485045502     
   13.7750000000001       0.999339053686538     
   13.8250000000001        1.00729148719754     
   13.8750000000001        1.00508784843070     
   13.9250000000001        1.01387003479403     
   13.9750000000001        1.02137963851887     
   14.0250000000001        1.02729880869723     
   14.0750000000001        1.03048691961416     
   14.1250000000001        1.03562987853208     
   14.1750000000001        1.04206812342189     
   14.2250000000001        1.04786599344692     
   14.2750000000001        1.04645497126209     
   14.3250000000001        1.05261895491375     
   14.3750000000001        1.06002686981552     
   14.4250000000001        1.05768239302853     
   14.4750000000001        1.06617470058862     
   14.5250000000001        1.06694833306038     
   14.5750000000001        1.07194830295748     
   14.6250000000001        1.07742509422932     
   14.6750000000001        1.07769670522334     
   14.7250000000001        1.07708591653709     
   14.7750000000001        1.08529137053563     
   14.8250000000001        1.08217444746058     
   14.8750000000001        1.08904425676783     
   14.9250000000001        1.08648301743000     
   14.9750000000001        1.08504922585137     
   15.0250000000001        1.08513063517768     
   15.0750000000001        1.08939959878366     
   15.1250000000001        1.08290960843999     
   15.1750000000001        1.08884501568127     
   15.2250000000001        1.09755262707513     
   15.2750000000001        1.09047587301359     
   15.3250000000001        1.09425447255891     
   15.3750000000001        1.08854342776254     
   15.4250000000001        1.08894704590829     
   15.4750000000001        1.09180234035526     
   15.5250000000001        1.08873423418928     
   15.5750000000001        1.08834490446457     
   15.6250000000001        1.08572797374697     
   15.6750000000001        1.08963732233554     
   15.7250000000001        1.08150461942294     
   15.7750000000001        1.08114686607734     
   15.8250000000001        1.08225963280610     
   15.8750000000001        1.08270981922884     
   15.9250000000001        1.07588608068600     
   15.9750000000001        1.07063930289337     
   16.0250000000001        1.06985059778882     
   16.0750000000001        1.06825586121631     
   16.1250000000001        1.06124185859166     
   16.1750000000001        1.06608233975215     
   16.2250000000001        1.05792658878899     
   16.2750000000001        1.06475939297190     
   16.3250000000001        1.05488376279975     
   16.3750000000001        1.05425313986033     
   16.4250000000001        1.04715806008790     
   16.4750000000001        1.04324895084602     
   16.5250000000001        1.04312163121184     
   16.5750000000001        1.03945120598806     
   16.6250000000001        1.03614909514081     
   16.6750000000001        1.03110579245185     
   16.7250000000001        1.03109240679116     
   16.7750000000001        1.02848531356091     
   16.8250000000001        1.02341842690072     
   16.8750000000001        1.01974925181836     
   16.9250000000001        1.02536676241824     
   16.9750000000001        1.01783078407373     
   17.0250000000001        1.00869854202879     
   17.0750000000001        1.00997846756422     
   17.1250000000001        1.00818520716983     
   17.1750000000001        1.00647987462437     
   17.2250000000001        1.00522629983160     
   17.2750000000001       0.997826947329652     
   17.3250000000001       0.992865626679348     
   17.3750000000001       0.992604182430967     
   17.4250000000001       0.987860303496575     
   17.4750000000001       0.989594199331504     
   17.5250000000001       0.985624281541129     
   17.5750000000001       0.985616068118756     
   17.6250000000001       0.980983999584589     
   17.6750000000001       0.984316742604153     
   17.7250000000001       0.976737533958987     
   17.7750000000001       0.980783179573358     
   17.8250000000001       0.980404990298601     
   17.8750000000001       0.975330665653907     
   17.9250000000001       0.976108966316897     
   17.9750000000001       0.973802791236770     
   18.0250000000001       0.967351487588136     
   18.0750000000001       0.969608975591494     
   18.1250000000001       0.974603473611588     
   18.1750000000001       0.968318958651755     
   18.2250000000001       0.967411148715230     
   18.2750000000001       0.964916821650376     
   18.3250000000001       0.966832506159028     
   18.3750000000001       0.965924578339175     
   18.4250000000001       0.966748113486110     
   18.4750000000001       0.962481615107830     
   18.5250000000001       0.959977360358655     
   18.5750000000001       0.961392749410205     
   18.6250000000001       0.965642968169636     
   18.6750000000001       0.966130857527689     
   18.7250000000001       0.960038018731309     
   18.7750000000001       0.962188483909602     
   18.8250000000001       0.964054111483102     
   18.8750000000001       0.964967560987196     
   18.9250000000001       0.967755421507911     
   18.9750000000001       0.970688661010518     
   19.0250000000001       0.964888308804350     
   19.0750000000001       0.965737755854148     
   19.1250000000001       0.961540432340450     
   19.1750000000001       0.966597046027916     
   19.2250000000001       0.967953373022915     
   19.2750000000001       0.967508105787795     
   19.3250000000001       0.970113632442706     
   19.3750000000001       0.971271997441070     
   19.4250000000001       0.968133258633547     
   19.4750000000001       0.972746829728227     
   19.5250000000001       0.978526469519239     
   19.5750000000001       0.979019742650147     
   19.6250000000001       0.977859702295269     
   19.6750000000001       0.975059841509852     
   19.7250000000001       0.976529393933204     
   19.7750000000001       0.979819228710669     
   19.8250000000001       0.977290127501098     
   19.8750000000001       0.983976440358147     
   19.9250000000001       0.981842303426298     
   19.9750000000002       0.982614426250585     
   20.0250000000002       0.986316969166342     
   20.0750000000002       0.981180229089486     
   20.1250000000002       0.984193414268410     
   20.1750000000002       0.986687666503259     
   20.2250000000002       0.986777319601804     
   20.2750000000002       0.987513184557383     
   20.3250000000002       0.990640150818119     
   20.3750000000002       0.987078489305569     
   20.4250000000002       0.990245371659057     
   20.4750000000002       0.990692895460051     
   20.5250000000002       0.995717390024937     
   20.5750000000002       0.995945281793817     
   20.6250000000002       0.996663488702782     
   20.6750000000002       0.994415750680345     
   20.7250000000002       0.994186075746345     
   20.7750000000002       0.996515644146441     
   20.8250000000002        1.00000882650129     
   20.8750000000002       0.999001252461199     
   20.9250000000002        1.00142613447673     
   20.9750000000002        1.00157902273079     
   21.0250000000002        1.00249037991859     
   21.0750000000002        1.00410874977862     
   21.1250000000002        1.00054003159918     
   21.1750000000002        1.00610300324926     
   21.2250000000002        1.00587402119587     
   21.2750000000002        1.00204451772388     
   21.3250000000002        1.00704261358869     
   21.3750000000002        1.00644831784664     
   21.4250000000002        1.00233174415000     
   21.4750000000002        1.00825445053121     
   21.5250000000002        1.00966225527889     
   21.5750000000002        1.01249649855535     
   21.6250000000002        1.00740463116828     
   21.6750000000002        1.01024494807586     
   21.7250000000002        1.01018778313455     
   21.7750000000002        1.01126808848472     
   21.8250000000002        1.01019488877107     
   21.8750000000002        1.01125363309384     
   21.9250000000002        1.01313296621100     
   21.9750000000002        1.01120690825260     
   22.0250000000002        1.01378861956716     
   22.0750000000002        1.01112415756507     
   22.1250000000002        1.01492147387968     
   22.1750000000002        1.00922482602759     
   22.2250000000002        1.01294868816105     
   22.2750000000002        1.01076345646024     
   22.3250000000002        1.01114258652306     
   22.3750000000002        1.01296041281217     
   22.4250000000002        1.01428056481586     
   22.4750000000002        1.01351389831322     
   22.5250000000002        1.01460413556836     
   22.5750000000002        1.01077929033842     
   22.6250000000002        1.01048485327400     
   22.6750000000002        1.01027539853898     
   22.7250000000002        1.01227024156875     
   22.7750000000002        1.01230518650638     
   22.8250000000002        1.01085662178572     
   22.8750000000002        1.00984683674040     
   22.9250000000002        1.01112603690548     
   22.9750000000002        1.01021163588025     
   23.0250000000002        1.01142504721123     
   23.0750000000002        1.01115977144727     
   23.1250000000002        1.01257616099587     
   23.1750000000002        1.00922474970514     
   23.2250000000002        1.00810288179253     
   23.2750000000002        1.01115749545965     
   23.3250000000002        1.00695571257301     
   23.3750000000002        1.01065251935052     
   23.4250000000002        1.00812845442119     
   23.4750000000002        1.00899272484993     
   23.5250000000002        1.00782108655170     
   23.5750000000002        1.00744247433361     
   23.6250000000002        1.00484528127754     
   23.6750000000002        1.00126202839393     
   23.7250000000002        1.00282637010970     
   23.7750000000002        1.00312246544758     
   23.8250000000002        1.00141445498300     
   23.8750000000002        1.00308273303821     
   23.9250000000002        1.00214077823408     
   23.9750000000002        1.00076979478638     
   24.0250000000002        1.00143169043665     
   24.0750000000002        1.00442451696083     
   24.1250000000002       0.999912397675541     
   24.1750000000002        1.00115049765731     
   24.2250000000002        1.00133108215907     
   24.2750000000002       0.997850247676242     
   24.3250000000002       0.998460983497878     
   24.3750000000002        1.00035416557174     
   24.4250000000002       0.995460407318550     
   24.4750000000002       0.995053390498141     
   24.5250000000002        1.00226163433583     
   24.5750000000002       0.994265673423495     
   24.6250000000002        1.00136876780855     
   24.6750000000002       0.996257782508746     
   24.7250000000002       0.995626664853388     
   24.7750000000002       0.997666738035396     
   24.8250000000002       0.997275312928510     
   24.8750000000002       0.999765259035308     
   24.9250000000002       0.992821685640062     
   24.9750000000002       0.997809284182073     
   25.0250000000002       0.994464156882136     
   25.0750000000002       0.996010648879809     
   25.1250000000002       0.994664909924434     
   25.1750000000002       0.994123548259377     
   25.2250000000002       0.992194799840474     
   25.2750000000002       0.992733411730924     
   25.3250000000002       0.992017341915671     
   25.3750000000002       0.992386225505469     
   25.4250000000002       0.991501117918358     
   25.4750000000002       0.990545725481936     
   25.5250000000002       0.994698256780551     
   25.5750000000002       0.994357823169499     
   25.6250000000002       0.993321342920164     
   25.6750000000002       0.992963549114584     
   25.7250000000002       0.994170439920071     
   25.7750000000002       0.995707152715754     
   25.8250000000002       0.993578456443361     
   25.8750000000002       0.993242719313219     
   25.9250000000002       0.995374641230427     
   25.9750000000002       0.994501156936329     
   26.0250000000002       0.992846978126048     
   26.0750000000002       0.991450541213080     
   26.1250000000002       0.990748901241323     
   26.1750000000002       0.993696752302889     
   26.2250000000002       0.993312336703134     
   26.2750000000002       0.993505783119821     
   26.3250000000002       0.990588966533822     
   26.3750000000002       0.991682527926954     
   26.4250000000002       0.992915930614227     
   26.4750000000002       0.993018415587156     
   26.5250000000002       0.988732696326476     
   26.5750000000002       0.994648229113782     
   26.6250000000002       0.991785476692786     
   26.6750000000002       0.991570833106858     
   26.7250000000002       0.995940936123666     
   26.7750000000002       0.995582024545531     
   26.8250000000002       0.991503840890064     
   26.8750000000002       0.992472609940839     
   26.9250000000002       0.992433849147644     
   26.9750000000003       0.991041900753294     
   27.0250000000003       0.990812732591114     
   27.0750000000003       0.993298147838048     
   27.1250000000003       0.991803006869336     
   27.1750000000003       0.991969238088629     
   27.2250000000003       0.992371252134880     
   27.2750000000003       0.990742337765580     
   27.3250000000003       0.993494290664535     
   27.3750000000003       0.992254601024836     
   27.4250000000003       0.992980581973839     
   27.4750000000003       0.993847250962636     
   27.5250000000003       0.993109686901328     
   27.5750000000003       0.992896503749623     
   27.6250000000003       0.994838127462505     
   27.6750000000003       0.996603011152056     
   27.7250000000003       0.995097126822027     
   27.7750000000003       0.997180850769854     
   27.8250000000003       0.993227037748679     
   27.8750000000003       0.992703607536673     
   27.9250000000003       0.995458001814631     
   27.9750000000003       0.992976027175548     
   28.0250000000003       0.994785897188873     
   28.0750000000003       0.995304745151008     
   28.1250000000003       0.993281826349163     
   28.1750000000003       0.996955405889902     
   28.2250000000003       0.995087171235804     
   28.2750000000003       0.994434631191741     
   28.3250000000003       0.997545847222201     
   28.3750000000003       0.993365952331644     
   28.4250000000003       0.996921812881915     
   28.4750000000003       0.995888211993991     
   28.5250000000003       0.995405144384655     
   28.5750000000003       0.997468815308088     
   28.6250000000003       0.999035306654826     
   28.6750000000003       0.993747557155825     
   28.7250000000003       0.996746064704140     
   28.7750000000003       0.999333264666233     
   28.8250000000003       0.995804157474397     
   28.8750000000003        1.00074508792206     
   28.9250000000003       0.999161133145456     
   28.9750000000003       0.999104297915577     
   29.0250000000003       0.998672075124160     
   29.0750000000003       0.997558516721191     
   29.1250000000003        1.00016509465081     
   29.1750000000003       0.998331420612755     
   29.2250000000003       0.998780489184314     
   29.2750000000003       0.996272679260909     
   29.3250000000003       0.998436429584663     
   29.3750000000003       0.998209067369699     
   29.4250000000003        1.00025400018881     
   29.4750000000003       0.998425223313751     
   29.5250000000003        1.00369466958643     
   29.5750000000003       0.996886158950211     
   29.6250000000003       0.999361219883250     
   29.6750000000003        1.00226777115484     
   29.7250000000003       0.998860477187393     
   29.7750000000003        1.00072179315278     
   29.8250000000003       0.999407482251334     
   29.8750000000003        1.00041611655976     
   29.9250000000003       0.999390368005284     
   29.9750000000003        1.00042896235207     
   30.0250000000003       0.998068997959570     
   30.0750000000003       0.998994190255948     
   30.1250000000003       0.997668623380593     
   30.1750000000003        1.00253314175956     
   30.2250000000003        1.00202658585326     
   30.2750000000003       0.999194991643204     
   30.3250000000003        1.00108814919658     
   30.3750000000003        1.00062153381818     
   30.4250000000003        1.00186969748845     
   30.4750000000003        1.00203217603645     
