0.000000     0.000000000000000
0.100000     0.000000000000000
0.200000     0.000000000000000
0.300000     0.000000000000000
0.400000     0.000000000000000
0.500000     0.000000000000000
0.600000     0.000000000000000
0.700000     0.000000000000000
0.800000     0.000000000000000
0.900000     0.000000000000000
1.000000     0.000000000000000
1.100000     0.000000000000000
1.200000     0.000000000000000
1.300000     0.000000000000000
1.400000     0.000000000000000
1.500000     0.000000000000000
1.600000     0.000000000000000
1.700000     0.000000000000000
1.800000     0.000000000000000
1.900000     0.000000000000000
2.000000     0.000000000000000
2.100000     0.000000000000000
2.200000     0.000000000000000
2.300000     0.000000000000000
2.400000     0.000000000000000
2.500000     0.000007473992526
2.600000     0.000004166245834
2.700000     0.000012145237855
2.800000     0.000009190990809
2.900000     0.000007701242299
3.000000     0.000006943743056
3.100000     0.000007852742147
3.200000     0.000010630239370
3.300000     0.000011109988890
3.400000     0.000022649227351
3.500000     0.000012826987173
3.600000     0.000012549237451
3.700000     0.000012801737198
3.800000     0.000017573982426
3.900000     0.000018609231391
4.000000     0.000023280476720
4.100000     0.000018356731643
4.200000     0.000029365720634
4.300000     0.000028860721139
4.400000     0.000021664478336
4.500000     0.000031461468539
4.600000     0.000035046964953
4.700000     0.000033481466519
4.800000     0.000037874962125
4.900000     0.000028431471569
5.000000     0.000019290980709
5.100000     0.000048631451369
5.200000     0.000038834461166
5.300000     0.000039263710736
5.400000     0.000032875467125
5.500000     0.000047116452884
5.600000     0.000044010705989
5.700000     0.000043657206343
5.800000     0.000038051711948
5.900000     0.000038228461772
6.000000     0.000040803959196
6.100000     0.000029365720634
6.200000     0.000051509948490
6.300000     0.000044035955964
6.400000     0.000043101706898
6.500000     0.000057039692960
6.600000     0.000051408948591
6.700000     0.000062518937481
6.800000     0.000047242702757
6.900000     0.000055878194122
7.000000     0.000045121704878
7.100000     0.000045904454096
7.200000     0.000050929199071
7.300000     0.000044970205030
7.400000     0.000050348449652
7.500000     0.000041258458742
7.600000     0.000037748712251
7.700000     0.000038531461469
7.800000     0.000044187455813
7.900000     0.000051257448743
8.000000     0.000051585698414
8.100000     0.000050449449551
8.200000     0.000046384203616
8.300000     0.000037142712857
8.400000     0.000037243712756
8.500000     0.000054489445511
8.600000     0.000048075951924
8.700000     0.000038758711241
8.800000     0.000046611453389
8.900000     0.000058074941925
9.000000     0.000042546207454
9.100000     0.000041889708110
9.200000     0.000042571457429
9.300000     0.000043354206646
9.400000     0.000047116452884
9.500000     0.000050752449248
9.600000     0.000038329461671
9.700000     0.000038455711544
9.800000     0.000049868700131
9.900000     0.000045752954247
10.000000     0.000040551459449
10.100000     0.000042419957580
10.200000     0.000049439450561
10.300000     0.000040122209878
10.400000     0.000059135440865
10.500000     0.000050323199677
10.600000     0.000046586203414
10.700000     0.000034895465105
10.800000     0.000057342692657
10.900000     0.000038480961519
11.000000     0.000047899202101
11.100000     0.000040576709423
11.200000     0.000051888698111
11.300000     0.000040349459651
11.400000     0.000033430966569
11.500000     0.000041056458944
11.600000     0.000037420462580
11.700000     0.000037597212403
11.800000     0.000045273204727
11.900000     0.000036410463590
12.000000     0.000044995455005
12.100000     0.000047444702555
12.200000     0.000043732956267
12.300000     0.000046485203515
12.400000     0.000046838703161
12.500000     0.000037773962226
12.600000     0.000038607211393
12.700000     0.000033026966973
12.800000     0.000044086455914
12.900000     0.000045146954853
13.000000     0.000038304211696
13.100000     0.000040147459853
13.200000     0.000042041207959
13.300000     0.000054135945864
13.400000     0.000053050196950
13.500000     0.000040601959398
13.600000     0.000044566205434
13.700000     0.000045525704474
13.800000     0.000042419957580
13.900000     0.000035097464903
14.000000     0.000039389960610
14.100000     0.000034163215837
14.200000     0.000045803454197
14.300000     0.000052292697707
14.400000     0.000037243712756
14.500000     0.000036107463893
14.600000     0.000045222704777
14.700000     0.000046863953136
14.800000     0.000048176951823
14.900000     0.000043177456823
15.000000     0.000038834461166
15.100000     0.000039490960509
15.200000     0.000045525704474
15.300000     0.000037268962731
15.400000     0.000039415210585
15.500000     0.000048984951015
15.600000     0.000041940208060
15.700000     0.000040551459449
15.800000     0.000038657711342
15.900000     0.000041031208969
16.000000     0.000039364710635
16.100000     0.000035804464196
16.200000     0.000048833451167
16.300000     0.000038607211393
16.400000     0.000031890718109
16.500000     0.000048176951823
16.600000     0.000039288960711
16.700000     0.000049641450359
16.800000     0.000044616705383
16.900000     0.000038405211595
17.000000     0.000030956469044
17.100000     0.000048429451571
17.200000     0.000042571457429
17.300000     0.000041409958590
17.400000     0.000040677709322
17.500000     0.000045929704070
17.600000     0.000037925462075
17.700000     0.000038607211393
17.800000     0.000043985456015
17.900000     0.000031436218564
18.000000     0.000055221694778
18.100000     0.000041839208161
18.200000     0.000045879204121
18.300000     0.000045626704373
18.400000     0.000049262700737
18.500000     0.000044970205030
18.600000     0.000046485203515
18.700000     0.000041586708413
18.800000     0.000048959701040
18.900000     0.000039541460459
19.000000     0.000040298959701
19.100000     0.000044061205939
19.200000     0.000048479951520
19.300000     0.000046409453591
19.400000     0.000045096454904
19.500000     0.000031814968185
19.600000     0.000045222704777
19.700000     0.000039692960307
19.800000     0.000045197454803
19.900000     0.000041056458944
20.000000     0.000043126956873
20.100000     0.000043227956772
20.200000     0.000040955459045
20.300000     0.000046813453187
20.400000     0.000042015957984
20.500000     0.000042318957681
20.600000     0.000037824462176
20.700000     0.000039137460863
20.800000     0.000039617210383
20.900000     0.000037496212504
21.000000     0.000040500959499
21.100000     0.000040450459550
21.200000     0.000054363195637
21.300000     0.000042621957378
21.400000     0.000040475709524
21.500000     0.000041914958085
21.600000     0.000044995455005
21.700000     0.000037092212908
21.800000     0.000044187455813
21.900000     0.000045197454803
22.000000     0.000034642965357
22.100000     0.000039162710837
22.200000     0.000043682456318
22.300000     0.000043404706595
22.400000     0.000048151701848
22.500000     0.000039440460560
22.600000     0.000045374204626
22.700000     0.000045828704171
22.800000     0.000051383698616
22.900000     0.000040551459449
23.000000     0.000046863953136
23.100000     0.000039869710130
23.200000     0.000041586708413
23.300000     0.000041031208969
23.400000     0.000041864458136
23.500000     0.000042217957782
23.600000     0.000056938693061
23.700000     0.000044616705383
23.800000     0.000045727704272
23.900000     0.000048151701848
24.000000     0.000051105948894
24.100000     0.000043732956267
24.200000     0.000036587213413
24.300000     0.000048404201596
24.400000     0.000057115442885
24.500000     0.000036284213716
24.600000     0.000043429956570
24.700000     0.000060902939097
24.800000     0.000051888698111
24.900000     0.000055524694475
25.000000     0.000038430461570
25.100000     0.000035349964650
25.200000     0.000046838703161
25.300000     0.000052216947783
25.400000     0.000044364205636
25.500000     0.000049161700838
25.600000     0.000043253206747
25.700000     0.000046586203414
25.800000     0.000049767700232
25.900000     0.000039869710130
26.000000     0.000047419452581
26.100000     0.000044288455712
26.200000     0.000036536713463
26.300000     0.000036385213615
26.400000     0.000046636703363
26.500000     0.000052317947682
26.600000     0.000041233208767
26.700000     0.000047419452581
26.800000     0.000060271689728
26.900000     0.000044338955661
27.000000     0.000049590950409
27.100000     0.000040500959499
27.200000     0.000045273204727
27.300000     0.000050676699323
27.400000     0.000060675689324
27.500000     0.000055751944248
27.600000     0.000043404706595
27.700000     0.000052671447329
27.800000     0.000056105443895
27.900000     0.000036890213110
28.000000     0.000049565700434
28.100000     0.000043606706393
28.200000     0.000044944955055
28.300000     0.000046459953540
28.400000     0.000057064942935
28.500000     0.000049590950409
28.600000     0.000056408443592
28.700000     0.000037647712352
28.800000     0.000050575699424
28.900000     0.000054666195334
29.000000     0.000045904454096
29.100000     0.000059791940208
29.200000     0.000040475709524
29.300000     0.000037041712958
29.400000     0.000052721947278
29.500000     0.000048833451167
29.600000     0.000051560448440
29.700000     0.000058655691344
29.800000     0.000054817695182
29.900000     0.000045222704777
30.000000     0.000044540955459
30.100000     0.000052999697000
30.200000     0.000054363195637
30.300000     0.000048732451268
30.400000     0.000051863448137
30.500000     0.000047065952934
30.600000     0.000035728714271
30.700000     0.000045222704777
30.800000     0.000047798202202
30.900000     0.000052999697000
31.000000     0.000057115442885
31.100000     0.000045273204727
31.200000     0.000049439450561
31.300000     0.000047343702656
31.400000     0.000041334208666
31.500000     0.000054363195637
31.600000     0.000046914453086
31.700000     0.000040324209676
31.800000     0.000047217452783
31.900000     0.000047621452379
32.000000     0.000042015957984
32.100000     0.000047091202909
32.200000     0.000052822947177
32.300000     0.000054918695081
32.400000     0.000047495202505
32.500000     0.000051989698010
32.600000     0.000055196444804
32.700000     0.000035779214221
32.800000     0.000042975457025
32.900000     0.000051686698313
33.000000     0.000049994950005
33.100000     0.000048530451470
33.200000     0.000044540955459
33.300000     0.000044667205333
33.400000     0.000044970205030
33.500000     0.000058605191395
33.600000     0.000055928694071
33.700000     0.000047570952429
33.800000     0.000045348954651
33.900000     0.000045172204828
34.000000     0.000048656701343
34.100000     0.000045449954550
34.200000     0.000063604686395
34.300000     0.000044768205232
34.400000     0.000058958691041
34.500000     0.000057140692859
34.600000     0.000056231693768
34.700000     0.000048732451268
34.800000     0.000052115947884
34.900000     0.000054792445208
35.000000     0.000051434198566
35.100000     0.000049868700131
35.200000     0.000050727199273
35.300000     0.000048833451167
35.400000     0.000047116452884
35.500000     0.000063326936673
35.600000     0.000055171194829
35.700000     0.000059665690334
35.800000     0.000056837693162
35.900000     0.000056862943137
36.000000     0.000057292192708
36.100000     0.000049641450359
36.200000     0.000047242702757
36.300000     0.000048984951015
36.400000     0.000061862438138
36.500000     0.000048429451571
36.600000     0.000051812948187
36.700000     0.000053454196546
36.800000     0.000055549944450
36.900000     0.000051838198162
37.000000     0.000058680941319
37.100000     0.000056989193011
37.200000     0.000059867690132
37.300000     0.000059211190789
37.400000     0.000051787698212
37.500000     0.000049818200182
37.600000     0.000054489445511
37.700000     0.000056029693970
37.800000     0.000051131198869
37.900000     0.000056206443794
38.000000     0.000051080698919
38.100000     0.000057317442683
38.200000     0.000053125946874
38.300000     0.000053479446521
38.400000     0.000052999697000
38.500000     0.000063806686193
38.600000     0.000067770932229
38.700000     0.000050424199576
38.800000     0.000048404201596
38.900000     0.000045525704474
39.000000     0.000058958691041
39.100000     0.000051080698919
39.200000     0.000069386930613
39.300000     0.000070321179679
39.400000     0.000051181698818
39.500000     0.000060246439754
39.600000     0.000049237450763
39.700000     0.000055600444400
39.800000     0.000059337440663
39.900000     0.000065170184830
40.000000     0.000047192202808
40.100000     0.000063781436219
40.200000     0.000059690940309
40.300000     0.000063478436522
40.400000     0.000057115442885
40.500000     0.000070043429957
40.600000     0.000058706191294
40.700000     0.000054186445814
40.800000     0.000062064437936
40.900000     0.000051737198263
41.000000     0.000060928189072
41.100000     0.000053050196950
41.200000     0.000048227451773
41.300000     0.000055373194627
41.400000     0.000051913948086
41.500000     0.000056181193819
41.600000     0.000048505201495
41.700000     0.000055070194930
41.800000     0.000053050196950
41.900000     0.000065473184527
42.000000     0.000055297444703
42.100000     0.000051131198869
42.200000     0.000061559438441
42.300000     0.000056155943844
42.400000     0.000062973437027
42.500000     0.000059564690435
42.600000     0.000062796687203
42.700000     0.000065321684678
42.800000     0.000043556206444
42.900000     0.000059716190284
43.000000     0.000063882436118
43.100000     0.000064867185133
43.200000     0.000057519442481
43.300000     0.000048732451268
43.400000     0.000051711948288
43.500000     0.000057670942329
43.600000     0.000070295929704
43.700000     0.000059211190789
43.800000     0.000060170689829
43.900000     0.000065271184729
44.000000     0.000061205938794
44.100000     0.000050070699929
44.200000     0.000059286940713
44.300000     0.000058504191496
44.400000     0.000049994950005
44.500000     0.000048378951621
44.600000     0.000053277446723
44.700000     0.000065548934451
44.800000     0.000065700434300
44.900000     0.000055423694576
45.000000     0.000060928189072
45.100000     0.000059741440259
45.200000     0.000075472174528
45.300000     0.000065245934754
45.400000     0.000055272194728
45.500000     0.000055549944450
45.600000     0.000051711948288
45.700000     0.000056534693465
45.800000     0.000057443692556
45.900000     0.000061710938289
46.000000     0.000048454701545
46.100000     0.000066508433492
46.200000     0.000042268457732
46.300000     0.000056307443693
46.400000     0.000057216442784
46.500000     0.000047419452581
46.600000     0.000058882941117
46.700000     0.000063503686496
46.800000     0.000058781941218
46.900000     0.000062291687708
47.000000     0.000047469952530
47.100000     0.000050954449046
47.200000     0.000058201191799
47.300000     0.000058832441168
47.400000     0.000063806686193
47.500000     0.000050171699828
47.600000     0.000075926674073
47.700000     0.000059438440562
47.800000     0.000049641450359
47.900000     0.000064311685688
48.000000     0.000060498939501
48.100000     0.000070043429957
48.200000     0.000056989193011
48.300000     0.000066659933340
48.400000     0.000066786183214
48.500000     0.000052848197152
48.600000     0.000065548934451
48.700000     0.000057544692455
48.800000     0.000062872437128
48.900000     0.000053125946874
49.000000     0.000069740430260
49.100000     0.000057620442380
49.200000     0.000065599434401
49.300000     0.000073351176649
49.400000     0.000053125946874
49.500000     0.000057670942329
49.600000     0.000060498939501
49.700000     0.000037723462277
49.800000     0.000062544187456
49.900000     0.000063150186850
50.000000     0.000060776689223
50.100000     0.000062215937784
50.200000     0.000067518432482
50.300000     0.000050070699929
50.400000     0.000058074941925
50.500000     0.000054262195738
50.600000     0.000067291182709
50.700000     0.000055953944046
50.800000     0.000043328956671
50.900000     0.000050954449046
51.000000     0.000076911423089
51.100000     0.000061710938289
51.200000     0.000058251691748
51.300000     0.000045702454298
51.400000     0.000056433693566
51.500000     0.000061559438441
51.600000     0.000059059690940
51.700000     0.000060120189880
51.800000     0.000070826179174
51.900000     0.000059312190688
52.000000     0.000053252196748
52.100000     0.000060423189577
52.200000     0.000070952429048
52.300000     0.000053757196243
52.400000     0.000074563175437
52.500000     0.000057317442683
52.600000     0.000056610443390
52.700000     0.000063831936168
52.800000     0.000056181193819
52.900000     0.000060221189779
53.000000     0.000054817695182
53.100000     0.000040728209272
53.200000     0.000062089687910
53.300000     0.000072568427432
53.400000     0.000058958691041
53.500000     0.000061433188567
53.600000     0.000054868195132
53.700000     0.000058024441976
53.800000     0.000053479446521
53.900000     0.000057847692152
54.000000     0.000047848702151
54.100000     0.000053100696899
54.200000     0.000057746692253
54.300000     0.000060044439956
54.400000     0.000052696697303
54.500000     0.000061963438037
54.600000     0.000040500959499
54.700000     0.000054287445713
54.800000     0.000066912433088
54.900000     0.000063806686193
55.000000     0.000052620947379
55.100000     0.000064387435613
55.200000     0.000061357438643
55.300000     0.000064235935764
55.400000     0.000058529441471
55.500000     0.000058478941521
55.600000     0.000061862438138
55.700000     0.000058882941117
55.800000     0.000067139682860
55.900000     0.000065372184628
56.000000     0.000056610443390
56.100000     0.000066760933239
56.200000     0.000052747197253
56.300000     0.000054363195637
56.400000     0.000060675689324
56.500000     0.000058352691647
56.600000     0.000052393697606
56.700000     0.000059160690839
56.800000     0.000073881426119
56.900000     0.000061003938996
57.000000     0.000061584688415
57.100000     0.000055272194728
57.200000     0.000060044439956
57.300000     0.000051812948187
57.400000     0.000069664680335
57.500000     0.000058630441370
57.600000     0.000072366427634
57.700000     0.000062140187860
57.800000     0.000053706696293
57.900000     0.000065978184022
58.000000     0.000052999697000
58.100000     0.000064816685183
58.200000     0.000056963943036
58.300000     0.000059084940915
58.400000     0.000055575194425
58.500000     0.000053984446016
58.600000     0.000065851934148
58.700000     0.000062064437936
58.800000     0.000064841935158
58.900000     0.000063175436825
59.000000     0.000057494192506
59.100000     0.000063276436724
59.200000     0.000063579436421
59.300000     0.000053504696495
59.400000     0.000052797697202
59.500000     0.000058706191294
59.600000     0.000058857691142
59.700000     0.000050525199475
59.800000     0.000061407938592
59.900000     0.000060423189577
60.000000     0.000064059185941
60.100000     0.000053050196950
60.200000     0.000079385920614
60.300000     0.000071659428341
60.400000     0.000063301686698
60.500000     0.000069386930613
60.600000     0.000064740935259
60.700000     0.000051232198768
60.800000     0.000053706696293
60.900000     0.000075749924250
61.000000     0.000067139682860
61.100000     0.000063756186244
61.200000     0.000064816685183
61.300000     0.000054994445006
61.400000     0.000073906676093
61.500000     0.000077719422281
61.600000     0.000067316432684
61.700000     0.000066887183113
61.800000     0.000063453186547
61.900000     0.000066104433896
62.000000     0.000056282193718
62.100000     0.000062746187254
62.200000     0.000049616200384
62.300000     0.000062013937986
62.400000     0.000066129683870
62.500000     0.000070674679325
62.600000     0.000052494697505
62.700000     0.000063554186446
62.800000     0.000061761438239
62.900000     0.000067063932936
63.000000     0.000068730431270
63.100000     0.000069891930108
63.200000     0.000051004948995
63.300000     0.000064336935663
63.400000     0.000057771942228
63.500000     0.000067543682456
63.600000     0.000062619937380
63.700000     0.000068806181194
63.800000     0.000076810423190
63.900000     0.000073426926573
64.000000     0.000067013432987
64.100000     0.000057216442784
64.200000     0.000049691950308
64.300000     0.000064008685991
64.400000     0.000068806181194
64.500000     0.000065245934754
64.600000     0.000065902434098
64.700000     0.000079865670134
64.800000     0.000075295424705
64.900000     0.000070826179174
65.000000     0.000055827694172
65.100000     0.000059514190486
65.200000     0.000074462175538
65.300000     0.000067972932027
65.400000     0.000069159680840
65.500000     0.000066255933744
65.600000     0.000067846682153
65.700000     0.000059261690738
65.800000     0.000077062922937
65.900000     0.000076835673164
66.000000     0.000063049186951
66.100000     0.000066962933037
66.200000     0.000055701444299
66.300000     0.000060675689324
66.400000     0.000067518432482
66.500000     0.000063831936168
66.600000     0.000056635693364
66.700000     0.000070295929704
66.800000     0.000069967680032
66.900000     0.000067013432987
67.000000     0.000084966165034
67.100000     0.000072770427230
67.200000     0.000064311685688
67.300000     0.000060574689425
67.400000     0.000062468437532
67.500000     0.000065649934350
67.600000     0.000067695182305
67.700000     0.000066659933340
67.800000     0.000068907181093
67.900000     0.000055726694273
68.000000     0.000056509443491
68.100000     0.000064538935461
68.200000     0.000076229673770
68.300000     0.000055777194223
68.400000     0.000061130188870
68.500000     0.000071002928997
68.600000     0.000065548934451
68.700000     0.000069109180891
68.800000     0.000069765680234
68.900000     0.000057393192607
69.000000     0.000073149176851
69.100000     0.000064690435310
69.200000     0.000065473184527
69.300000     0.000064589435411
69.400000     0.000064766185234
69.500000     0.000066180183820
69.600000     0.000069210180790
69.700000     0.000070573679426
69.800000     0.000048479951520
69.900000     0.000058579941420
70.000000     0.000057342692657
70.100000     0.000054539945460
70.200000     0.000054666195334
70.300000     0.000075017674982
70.400000     0.000064463185537
70.500000     0.000050323199677
70.600000     0.000055499444501
70.700000     0.000064538935461
70.800000     0.000063225936774
70.900000     0.000064059185941
71.000000     0.000050802949197
71.100000     0.000045096454904
71.200000     0.000048328451672
71.300000     0.000057721442279
71.400000     0.000070018179982
71.500000     0.000065624684375
71.600000     0.000075926674073
71.700000     0.000067392182608
71.800000     0.000063074436926
71.900000     0.000051888698111
72.000000     0.000060751439249
72.100000     0.000060978689021
72.200000     0.000062720937279
72.300000     0.000059665690334
72.400000     0.000052115947884
72.500000     0.000078805171195
72.600000     0.000064235935764
72.700000     0.000059716190284
72.800000     0.000059943440057
72.900000     0.000062796687203
73.000000     0.000066129683870
73.100000     0.000069386930613
73.200000     0.000058781941218
73.300000     0.000059059690940
73.400000     0.000055044944955
73.500000     0.000063453186547
73.600000     0.000054489445511
73.700000     0.000058453691546
73.800000     0.000064968185032
73.900000     0.000048681951318
74.000000     0.000066786183214
74.100000     0.000070952429048
74.200000     0.000050424199576
74.300000     0.000063503686496
74.400000     0.000072618927381
74.500000     0.000056686193314
74.600000     0.000068679931320
74.700000     0.000070422179578
74.800000     0.000062518937481
74.900000     0.000056332693667
75.000000     0.000058327441673
75.100000     0.000058579941420
75.200000     0.000054060195940
75.300000     0.000070093929906
75.400000     0.000064160185840
75.500000     0.000045146954853
75.600000     0.000064564185436
75.700000     0.000061130188870
75.800000     0.000061054438946
75.900000     0.000067669932330
76.000000     0.000055650944349
76.100000     0.000057367942632
76.200000     0.000048353701646
76.300000     0.000067139682860
76.400000     0.000057115442885
76.500000     0.000074714675285
76.600000     0.000068932431068
76.700000     0.000063099686900
76.800000     0.000063276436724
76.900000     0.000063907686092
77.000000     0.000048909201091
77.100000     0.000055726694273
77.200000     0.000048833451167
77.300000     0.000063453186547
77.400000     0.000050853449147
77.500000     0.000059564690435
77.600000     0.000059690940309
77.700000     0.000053529946470
77.800000     0.000067392182608
77.900000     0.000049010200990
78.000000     0.000055751944248
78.100000     0.000056660943339
78.200000     0.000072745177255
78.300000     0.000057292192708
78.400000     0.000057595192405
78.500000     0.000058857691142
78.600000     0.000057569942430
78.700000     0.000056080193920
78.800000     0.000060423189577
78.900000     0.000057721442279
79.000000     0.000068957681042
79.100000     0.000045677204323
79.200000     0.000049136450864
79.300000     0.000069614180386
79.400000     0.000044187455813
79.500000     0.000058074941925
79.600000     0.000053277446723
79.700000     0.000051812948187
79.800000     0.000050297949702
79.900000     0.000056509443491
80.000000     0.000064185435815
80.100000     0.000062241187759
80.200000     0.000060599939400
80.300000     0.000062241187759
80.400000     0.000058554691445
80.500000     0.000065750934249
80.600000     0.000057923442077
80.700000     0.000049868700131
80.800000     0.000056989193011
80.900000     0.000070725179275
81.000000     0.000060397939602
81.100000     0.000054135945864
81.200000     0.000060827189173
81.300000     0.000081506918493
81.400000     0.000065801434199
81.500000     0.000050853449147
81.600000     0.000058403191597
81.700000     0.000061786688213
81.800000     0.000049590950409
81.900000     0.000056408443592
82.000000     0.000050499949500
82.100000     0.000058302191698
82.200000     0.000047646702353
82.300000     0.000055499444501
82.400000     0.000052090697909
82.500000     0.000062796687203
82.600000     0.000058049691950
82.700000     0.000047570952429
82.800000     0.000051560448440
82.900000     0.000062645187355
83.000000     0.000056913443087
83.100000     0.000054792445208
83.200000     0.000061660438340
83.300000     0.000049010200990
83.400000     0.000058680941319
83.500000     0.000066685183315
83.600000     0.000048858701141
83.700000     0.000053580446420
83.800000     0.000056004443996
83.900000     0.000055979194021
84.000000     0.000054085445915
84.100000     0.000056433693566
84.200000     0.000063983436017
84.300000     0.000056761943238
84.400000     0.000068831431169
84.500000     0.000052242197758
84.600000     0.000058579941420
84.700000     0.000048732451268
84.800000     0.000062190687809
84.900000     0.000042773457227
85.000000     0.000058403191597
85.100000     0.000052974447026
85.200000     0.000047368952631
85.300000     0.000049843450157
85.400000     0.000062165437835
85.500000     0.000050272699727
85.600000     0.000052923947076
85.700000     0.000054413695586
85.800000     0.000045929704070
85.900000     0.000065801434199
86.000000     0.000061988688011
86.100000     0.000061231188769
86.200000     0.000048075951924
86.300000     0.000060953439047
86.400000     0.000041384708615
86.500000     0.000044061205939
86.600000     0.000052696697303
86.700000     0.000056812443188
86.800000     0.000055297444703
86.900000     0.000065700434300
87.000000     0.000060776689223
87.100000     0.000058908191092
87.200000     0.000067063932936
87.300000     0.000050020199980
87.400000     0.000049489950510
87.500000     0.000047394202606
87.600000     0.000057923442077
87.700000     0.000053176446824
87.800000     0.000057822442178
87.900000     0.000061786688213
88.000000     0.000064740935259
88.100000     0.000070826179174
88.200000     0.000056105443895
88.300000     0.000055095444905
88.400000     0.000052898697101
88.500000     0.000043732956267
88.600000     0.000057898192102
88.700000     0.000047116452884
88.800000     0.000058832441168
88.900000     0.000053479446521
89.000000     0.000051964448036
89.100000     0.000059261690738
89.200000     0.000054161195839
89.300000     0.000067871932128
89.400000     0.000054741945258
89.500000     0.000051863448137
89.600000     0.000054969195031
89.700000     0.000058049691950
89.800000     0.000050878699121
89.900000     0.000050297949702
90.000000     0.000044162205838
90.100000     0.000046661953338
90.200000     0.000057266942733
90.300000     0.000052242197758
90.400000     0.000039793960206
90.500000     0.000054085445915
90.600000     0.000058453691546
90.700000     0.000056938693061
90.800000     0.000045348954651
90.900000     0.000045323704676
91.000000     0.000051333198667
91.100000     0.000061609938390
91.200000     0.000048176951823
91.300000     0.000066811433189
91.400000     0.000054337945662
91.500000     0.000061054438946
91.600000     0.000056989193011
91.700000     0.000057847692152
91.800000     0.000062544187456
91.900000     0.000066533683466
92.000000     0.000039642460358
92.100000     0.000051863448137
92.200000     0.000057367942632
92.300000     0.000058630441370
92.400000     0.000068326431674
92.500000     0.000060726189274
92.600000     0.000060650439350
92.700000     0.000060473689526
92.800000     0.000061231188769
92.900000     0.000048479951520
93.000000     0.000053252196748
93.100000     0.000055953944046
93.200000     0.000055322694677
93.300000     0.000052721947278
93.400000     0.000053706696293
93.500000     0.000061609938390
93.600000     0.000059286940713
93.700000     0.000046156953843
93.800000     0.000055272194728
93.900000     0.000049287950712
94.000000     0.000047368952631
94.100000     0.000056787193213
94.200000     0.000044869205131
94.300000     0.000044061205939
94.400000     0.000054767195233
94.500000     0.000060145439855
94.600000     0.000058958691041
94.700000     0.000055549944450
94.800000     0.000058150691849
94.900000     0.000050828199172
95.000000     0.000056029693970
95.100000     0.000042722957277
95.200000     0.000043707706292
95.300000     0.000054186445814
95.400000     0.000054767195233
95.500000     0.000049464700535
95.600000     0.000056862943137
95.700000     0.000061306938693
95.800000     0.000044616705383
95.900000     0.000051762448238
96.000000     0.000060145439855
96.100000     0.000058226441774
96.200000     0.000062922937077
96.300000     0.000060827189173
96.400000     0.000050954449046
96.500000     0.000045727704272
96.600000     0.000060625189375
96.700000     0.000064412685587
96.800000     0.000053176446824
96.900000     0.000067291182709
97.000000     0.000051636198364
97.100000     0.000048959701040
97.200000     0.000040576709423
97.300000     0.000052141197859
97.400000     0.000053378446622
97.500000     0.000054211695788
97.600000     0.000048353701646
97.700000     0.000061963438037
97.800000     0.000070523179477
97.900000     0.000054135945864
98.000000     0.000047116452884
98.100000     0.000064993435007
98.200000     0.000050929199071
98.300000     0.000038177961822
98.400000     0.000068553681446
98.500000     0.000054666195334
98.600000     0.000052923947076
98.700000     0.000052721947278
98.800000     0.000060120189880
98.900000     0.000048934451066
99.000000     0.000051358448642
99.100000     0.000048984951015
99.200000     0.000051383698616
99.300000     0.000048227451773
99.400000     0.000043960206040
99.500000     0.000046712453288
99.600000     0.000051661448339
99.700000     0.000044136955863
99.800000     0.000048252701747
99.900000     0.000050171699828
100.000000     0.000054741945258
100.100000     0.000049868700131
100.200000     0.000049237450763
100.300000     0.000060928189072
100.400000     0.000052494697505
100.500000     0.000058403191597
100.600000     0.000047671952328
100.700000     0.000061508938491
100.800000     0.000046611453389
100.900000     0.000042142207858
101.000000     0.000046813453187
101.100000     0.000049085950914
101.200000     0.000046106453894
101.300000     0.000045071204929
101.400000     0.000063225936774
101.500000     0.000045424704575
101.600000     0.000054943945056
101.700000     0.000061635188365
101.800000     0.000049414200586
101.900000     0.000052570447430
102.000000     0.000047924452076
102.100000     0.000048909201091
102.200000     0.000049843450157
102.300000     0.000057342692657
102.400000     0.000050853449147
102.500000     0.000050878699121
102.600000     0.000052923947076
102.700000     0.000045576204424
102.800000     0.000041738208262
102.900000     0.000045677204323
103.000000     0.000050247449753
103.100000     0.000048353701646
103.200000     0.000049540450460
103.300000     0.000048075951924
103.400000     0.000067467932532
103.500000     0.000043783456217
103.600000     0.000052115947884
103.700000     0.000045879204121
103.800000     0.000046257953742
103.900000     0.000043707706292
104.000000     0.000051838198162
104.100000     0.000045954954045
104.200000     0.000050954449046
104.300000     0.000047394202606
104.400000     0.000043429956570
104.500000     0.000043101706898
104.600000     0.000052393697606
104.700000     0.000052115947884
104.800000     0.000054943945056
104.900000     0.000044490455510
105.000000     0.000043025956974
105.100000     0.000035173214827
105.200000     0.000057191192809
105.300000     0.000049919200081
105.400000     0.000052747197253
105.500000     0.000043025956974
105.600000     0.000051358448642
105.700000     0.000058630441370
105.800000     0.000040677709322
105.900000     0.000042293707706
106.000000     0.000035880214120
106.100000     0.000052368447632
106.200000     0.000035324714675
106.300000     0.000045475204525
106.400000     0.000037571962428
106.500000     0.000035551964448
106.600000     0.000056231693768
106.700000     0.000051055448945
106.800000     0.000048681951318
106.900000     0.000046863953136
107.000000     0.000041157458843
107.100000     0.000053353196647
107.200000     0.000045550954449
107.300000     0.000044970205030
107.400000     0.000047166952833
107.500000     0.000042520957479
107.600000     0.000034289465711
107.700000     0.000045727704272
107.800000     0.000043202706797
107.900000     0.000037445712554
108.000000     0.000040324209676
108.100000     0.000037925462075
108.200000     0.000052065447935
108.300000     0.000046838703161
108.400000     0.000052646197354
108.500000     0.000048555701444
108.600000     0.000057418442582
108.700000     0.000042899707100
108.800000     0.000046712453288
108.900000     0.000049565700434
109.000000     0.000044843955156
109.100000     0.000044338955661
109.200000     0.000052040197960
109.300000     0.000041132208868
109.400000     0.000032925967074
109.500000     0.000046106453894
109.600000     0.000050247449753
109.700000     0.000046737703262
109.800000     0.000041914958085
109.900000     0.000039920210080
110.000000     0.000040172709827
110.100000     0.000039314210686
110.200000     0.000041586708413
110.300000     0.000042142207858
110.400000     0.000040728209272
110.500000     0.000036435713564
110.600000     0.000042798707201
110.700000     0.000051762448238
110.800000     0.000039263710736
110.900000     0.000037773962226
111.000000     0.000051459448541
111.100000     0.000046737703262
111.200000     0.000046661953338
111.300000     0.000034238965761
111.400000     0.000039541460459
111.500000     0.000037597212403
111.600000     0.000045399454601
111.700000     0.000048101201899
111.800000     0.000047192202808
111.900000     0.000038809211191
112.000000     0.000038480961519
112.100000     0.000046055953944
112.200000     0.000047217452783
112.300000     0.000042445207555
112.400000     0.000059211190789
112.500000     0.000046232703767
112.600000     0.000035880214120
112.700000     0.000040500959499
112.800000     0.000046207453793
112.900000     0.000036991213009
113.000000     0.000051636198364
113.100000     0.000036713463287
113.200000     0.000035551964448
113.300000     0.000041207958792
113.400000     0.000037849712150
113.500000     0.000035703464297
113.600000     0.000044591455409
113.700000     0.000040904959095
113.800000     0.000041207958792
113.900000     0.000037521462479
114.000000     0.000030097969902
114.100000     0.000030981719018
114.200000     0.000039516210484
114.300000     0.000042394707605
114.400000     0.000041106958893
114.500000     0.000041586708413
114.600000     0.000037117462883
114.700000     0.000049035450965
114.800000     0.000035349964650
114.900000     0.000037016462984
115.000000     0.000034314715685
115.100000     0.000049313200687
115.200000     0.000040854459146
115.300000     0.000039970710029
115.400000     0.000045853954146
115.500000     0.000035602464398
115.600000     0.000037773962226
115.700000     0.000042546207454
115.800000     0.000039667710332
115.900000     0.000042091707908
116.000000     0.000041081708918
116.100000     0.000048303201697
116.200000     0.000039718210282
116.300000     0.000040955459045
116.400000     0.000040702959297
116.500000     0.000039970710029
116.600000     0.000042697707302
116.700000     0.000036587213413
116.800000     0.000050651449349
116.900000     0.000033607716392
117.000000     0.000044439955560
117.100000     0.000037193212807
117.200000     0.000027800222200
117.300000     0.000039036460964
117.400000     0.000029820220180
117.500000     0.000045677204323
117.600000     0.000039692960307
117.700000     0.000036284213716
117.800000     0.000047015452985
117.900000     0.000041258458742
118.000000     0.000036890213110
118.100000     0.000035779214221
118.200000     0.000034365215635
118.300000     0.000046409453591
118.400000     0.000053984446016
118.500000     0.000048732451268
118.600000     0.000040551459449
118.700000     0.000033658216342
118.800000     0.000050626199374
118.900000     0.000036107463893
119.000000     0.000036814463186
119.100000     0.000043909706090
119.200000     0.000037521462479
119.300000     0.000041384708615
119.400000     0.000042344207656
119.500000     0.000040778709221
119.600000     0.000044414705585
119.700000     0.000042495707504
119.800000     0.000046762953237
119.900000     0.000039238460762
120.000000     0.000033026966973
120.100000     0.000043354206646
120.200000     0.000046712453288
120.300000     0.000041662458338
120.400000     0.000047747702252
120.500000     0.000049565700434
120.600000     0.000044641955358
120.700000     0.000034491465509
120.800000     0.000042142207858
120.900000     0.000041485708514
121.000000     0.000048151701848
121.100000     0.000051636198364
121.200000     0.000056635693364
121.300000     0.000046914453086
121.400000     0.000035678214322
121.500000     0.000039920210080
121.600000     0.000049742450258
121.700000     0.000036915463085
121.800000     0.000042015957984
121.900000     0.000049666700333
122.000000     0.000041157458843
122.100000     0.000036637713362
122.200000     0.000036107463893
122.300000     0.000042924957075
122.400000     0.000037723462277
122.500000     0.000050626199374
122.600000     0.000052242197758
122.700000     0.000044212705787
122.800000     0.000037369962630
122.900000     0.000043404706595
123.000000     0.000035476214524
123.100000     0.000048782951217
123.200000     0.000046106453894
123.300000     0.000049818200182
123.400000     0.000046586203414
123.500000     0.000043253206747
123.600000     0.000040273709726
123.700000     0.000044111705888
123.800000     0.000036814463186
123.900000     0.000035829714170
124.000000     0.000048429451571
124.100000     0.000044136955863
124.200000     0.000041510958489
124.300000     0.000037041712958
124.400000     0.000053277446723
124.500000     0.000041839208161
124.600000     0.000046459953540
124.700000     0.000045071204929
124.800000     0.000032723967276
124.900000     0.000037950712049
125.000000     0.000041460458540
125.100000     0.000039945460055
125.200000     0.000042647207353
125.300000     0.000043606706393
125.400000     0.000043455206545
125.500000     0.000034188465812
125.600000     0.000038379961620
125.700000     0.000036991213009
125.800000     0.000039617210383
125.900000     0.000031663468337
126.000000     0.000032496717503
126.100000     0.000037066962933
126.200000     0.000043859206141
126.300000     0.000036334713665
126.400000     0.000034137965862
126.500000     0.000033102716897
126.600000     0.000054817695182
126.700000     0.000042546207454
126.800000     0.000030476719523
126.900000     0.000039086960913
127.000000     0.000034390465610
127.100000     0.000039920210080
127.200000     0.000042823957176
127.300000     0.000044162205838
127.400000     0.000043505706494
127.500000     0.000044439955560
127.600000     0.000041207958792
127.700000     0.000030350469650
127.800000     0.000038480961519
127.900000     0.000040046459954
128.000000     0.000034743965256
128.100000     0.000028936471064
128.200000     0.000031082718917
128.300000     0.000040223209777
128.400000     0.000033860216140
128.500000     0.000043126956873
128.600000     0.000039187960812
128.700000     0.000033809716190
128.800000     0.000046459953540
128.900000     0.000038910211090
129.000000     0.000046788203212
129.100000     0.000040374709625
129.200000     0.000038581961418
129.300000     0.000037470962529
129.400000     0.000037243712756
129.500000     0.000040702959297
129.600000     0.000038531461469
129.700000     0.000031739218261
129.800000     0.000032824967175
129.900000     0.000034617715382
130.000000     0.000034087465913
130.100000     0.000034693465307
130.200000     0.000041864458136
130.300000     0.000038278961721
130.400000     0.000039743460257
130.500000     0.000034819715180
130.600000     0.000033279466721
130.700000     0.000052141197859
130.800000     0.000034870215130
130.900000     0.000038657711342
131.000000     0.000038733461267
131.100000     0.000031006968993
131.200000     0.000044313705686
131.300000     0.000043455206545
131.400000     0.000043227956772
131.500000     0.000042672457328
131.600000     0.000043025956974
131.700000     0.000035551964448
131.800000     0.000027396222604
131.900000     0.000032698717301
132.000000     0.000043859206141
132.100000     0.000025679224321
132.200000     0.000052065447935
132.300000     0.000037041712958
132.400000     0.000034996465004
132.500000     0.000034314715685
132.600000     0.000033405716594
132.700000     0.000040223209777
132.800000     0.000048378951621
132.900000     0.000041182708817
133.000000     0.000031107968892
133.100000     0.000049767700232
133.200000     0.000038152711847
133.300000     0.000039819210181
133.400000     0.000054009695990
133.500000     0.000052090697909
133.600000     0.000050020199980
133.700000     0.000042268457732
133.800000     0.000045879204121
133.900000     0.000044111705888
134.000000     0.000043101706898
134.100000     0.000044237955762
134.200000     0.000039718210282
134.300000     0.000035274214726
134.400000     0.000037571962428
134.500000     0.000043606706393
134.600000     0.000046863953136
134.700000     0.000044742955257
134.800000     0.000044919705080
134.900000     0.000039187960812
135.000000     0.000044944955055
135.100000     0.000038657711342
135.200000     0.000039036460964
135.300000     0.000042950207050
135.400000     0.000036662963337
135.500000     0.000049717200283
135.600000     0.000040702959297
135.700000     0.000045146954853
135.800000     0.000043859206141
135.900000     0.000049287950712
136.000000     0.000039011210989
136.100000     0.000040576709423
136.200000     0.000037521462479
136.300000     0.000057721442279
136.400000     0.000046283203717
136.500000     0.000044212705787
136.600000     0.000041081708918
136.700000     0.000044667205333
136.800000     0.000052999697000
136.900000     0.000044717705282
137.000000     0.000047419452581
137.100000     0.000044212705787
137.200000     0.000056256943743
137.300000     0.000049060700939
137.400000     0.000036991213009
137.500000     0.000038607211393
137.600000     0.000045626704373
137.700000     0.000045980204020
137.800000     0.000043581456419
137.900000     0.000046182203818
138.000000     0.000043985456015
138.100000     0.000036031713968
138.200000     0.000038304211696
138.300000     0.000037824462176
138.400000     0.000039995960004
138.500000     0.000044162205838
138.600000     0.000048681951318
138.700000     0.000041005958994
138.800000     0.000040399959600
138.900000     0.000035046964953
139.000000     0.000047873952126
139.100000     0.000033809716190
139.200000     0.000025830724169
139.300000     0.000023810726189
139.400000     0.000037799212201
139.500000     0.000040374709625
139.600000     0.000030855469145
139.700000     0.000032900717099
139.800000     0.000030047469953
139.900000     0.000044414705585
140.000000     0.000024694475306
140.100000     0.000013685486315
140.200000     0.000016639733360
140.300000     0.000026865973134
140.400000     0.000016589233411
140.500000     0.000022775477225
140.600000     0.000019896980103
140.700000     0.000014468235532
140.800000     0.000012094737905
140.900000     0.000016412483588
141.000000     0.000023734976265
141.100000     0.000013634986365
141.200000     0.000014493485507
141.300000     0.000012119987880
141.400000     0.000006590243410
141.500000     0.000015528734471
141.600000     0.000010352489648
141.700000     0.000004595495405
141.800000     0.000010074739925
141.900000     0.000008786991213
142.000000     0.000006994243006
142.100000     0.000014417735582
142.200000     0.000004166245834
142.300000     0.000002954247046
142.400000     0.000002171497829
142.500000     0.000000000000000
142.600000     0.000000000000000
142.700000     0.000000000000000
142.800000     0.000000000000000
142.900000     0.000000000000000
143.000000     0.000000000000000
143.100000     0.000000000000000
143.200000     0.000000000000000
143.300000     0.000000000000000
143.400000     0.000000000000000
143.500000     0.000000000000000
143.600000     0.000000000000000
143.700000     0.000000000000000
143.800000     0.000000000000000
143.900000     0.000000000000000
144.000000     0.000000000000000
144.100000     0.000000000000000
144.200000     0.000000000000000
144.300000     0.000000000000000
144.400000     0.000000000000000
144.500000     0.000000000000000
144.600000     0.000000000000000
144.700000     0.000000000000000
144.800000     0.000000000000000
144.900000     0.000000000000000
