0.000000     0.000034238965761
0.100000     0.000045550954449
0.200000     0.000044894455106
0.300000     0.000037369962630
0.400000     0.000038177961822
0.500000     0.000033708716291
0.600000     0.000045247954752
0.700000     0.000032774467226
0.800000     0.000040627209373
0.900000     0.000026840723159
1.000000     0.000045020704979
1.100000     0.000042369457631
1.200000     0.000026689223311
1.300000     0.000044364205636
1.400000     0.000040374709625
1.500000     0.000039718210282
1.600000     0.000028608221392
1.700000     0.000041409958590
1.800000     0.000029466720533
1.900000     0.000042344207656
2.000000     0.000032218967781
2.100000     0.000041384708615
2.200000     0.000038405211595
2.300000     0.000042142207858
2.400000     0.000032597717402
2.500000     0.000032042217958
2.600000     0.000037975962024
2.700000     0.000030552469448
2.800000     0.000034440965559
2.900000     0.000038430461570
3.000000     0.000038405211595
3.100000     0.000038708211292
3.200000     0.000034440965559
3.300000     0.000038354711645
3.400000     0.000043455206545
3.500000     0.000033254216746
3.600000     0.000044439955560
3.700000     0.000041536208464
3.800000     0.000040500959499
3.900000     0.000037243712756
4.000000     0.000028709221291
4.100000     0.000041813958186
4.200000     0.000034844965155
4.300000     0.000033052216948
4.400000     0.000037016462984
4.500000     0.000028759721240
4.600000     0.000033304716695
4.700000     0.000039238460762
4.800000     0.000036738713261
4.900000     0.000039036460964
5.000000     0.000033784466216
5.100000     0.000036132713867
5.200000     0.000038455711544
5.300000     0.000031057468943
5.400000     0.000033733966266
5.500000     0.000036965963034
5.600000     0.000035728714271
5.700000     0.000036359963640
5.800000     0.000033077466923
5.900000     0.000031991718008
6.000000     0.000036460963539
6.100000     0.000038354711645
6.200000     0.000029845470155
6.300000     0.000028885971114
6.400000     0.000040172709827
6.500000     0.000035955964044
6.600000     0.000040980709019
6.700000     0.000033885466115
6.800000     0.000027471972528
6.900000     0.000024517725482
7.000000     0.000030375719624
7.100000     0.000037849712150
7.200000     0.000033935966064
7.300000     0.000028077971922
7.400000     0.000032117967882
7.500000     0.000035526714473
7.600000     0.000033607716392
7.700000     0.000032319967680
7.800000     0.000030703969296
7.900000     0.000034112715887
8.000000     0.000044061205939
8.100000     0.000033658216342
8.200000     0.000029214220786
8.300000     0.000035400464600
8.400000     0.000042344207656
8.500000     0.000034213715786
8.600000     0.000019114230886
8.700000     0.000039743460257
8.800000     0.000039339460661
8.900000     0.000034112715887
9.000000     0.000026487223513
9.100000     0.000033052216948
9.200000     0.000038480961519
9.300000     0.000029138470862
9.400000     0.000036587213413
9.500000     0.000038405211595
9.600000     0.000031789718210
9.700000     0.000031133218867
9.800000     0.000023002726997
9.900000     0.000026941723058
10.000000     0.000030072719927
10.100000     0.000033506716493
10.200000     0.000030678719321
10.300000     0.000037521462479
10.400000     0.000031739218261
10.500000     0.000027446722553
10.600000     0.000037369962630
10.700000     0.000042243207757
10.800000     0.000029693970306
10.900000     0.000043985456015
11.000000     0.000040374709625
11.100000     0.000034516715483
11.200000     0.000028582971417
11.300000     0.000034870215130
11.400000     0.000027800222200
11.500000     0.000042647207353
11.600000     0.000045500454500
11.700000     0.000035173214827
11.800000     0.000031461468539
11.900000     0.000036940713059
12.000000     0.000041384708615
12.100000     0.000034011715988
12.200000     0.000041207958792
12.300000     0.000049237450763
12.400000     0.000037344712655
12.500000     0.000025401474599
12.600000     0.000027598222402
12.700000     0.000034314715685
12.800000     0.000036410463590
12.900000     0.000033355216645
13.000000     0.000040652459348
13.100000     0.000047520452480
13.200000     0.000044944955055
13.300000     0.000041005958994
13.400000     0.000041132208868
13.500000     0.000036561963438
13.600000     0.000032521967478
13.700000     0.000032925967074
13.800000     0.000035854964145
13.900000     0.000031133218867
14.000000     0.000031133218867
14.100000     0.000036561963438
14.200000     0.000035173214827
14.300000     0.000029794970205
14.400000     0.000031335218665
14.500000     0.000040349459651
14.600000     0.000031360468640
14.700000     0.000047091202909
14.800000     0.000033658216342
14.900000     0.000032597717402
15.000000     0.000035602464398
15.100000     0.000039364710635
15.200000     0.000040172709827
15.300000     0.000029542470458
15.400000     0.000028582971417
15.500000     0.000039238460762
15.600000     0.000032092717907
15.700000     0.000046333703666
15.800000     0.000045601454399
15.900000     0.000046358953641
16.000000     0.000041258458742
16.100000     0.000037622462378
16.200000     0.000026714473286
16.300000     0.000040425209575
16.400000     0.000045096454904
16.500000     0.000041813958186
16.600000     0.000041738208262
16.700000     0.000028885971114
16.800000     0.000043631956368
16.900000     0.000033834966165
17.000000     0.000031234218766
17.100000     0.000033961216039
17.200000     0.000033784466216
17.300000     0.000031713968286
17.400000     0.000031511968488
17.500000     0.000034365215635
17.600000     0.000034466215534
17.700000     0.000033254216746
17.800000     0.000026007473993
17.900000     0.000033809716190
18.000000     0.000036258963741
18.100000     0.000032673467327
18.200000     0.000029163720836
18.300000     0.000029592970407
18.400000     0.000039036460964
18.500000     0.000043530956469
18.600000     0.000027648722351
18.700000     0.000017094232906
18.800000     0.000036435713564
18.900000     0.000034769215231
19.000000     0.000031638218362
19.100000     0.000032850217150
19.200000     0.000030400969599
19.300000     0.000035097464903
19.400000     0.000038480961519
19.500000     0.000034718715281
19.600000     0.000027699222301
19.700000     0.000026865973134
19.800000     0.000034036965963
19.900000     0.000036965963034
20.000000     0.000026840723159
20.100000     0.000028052721947
20.200000     0.000035299464701
20.300000     0.000038809211191
20.400000     0.000030628219372
20.500000     0.000030981719018
20.600000     0.000037975962024
20.700000     0.000028860721139
20.800000     0.000038203211797
20.900000     0.000036991213009
21.000000     0.000029138470862
21.100000     0.000030956469044
21.200000     0.000027699222301
21.300000     0.000026007473993
21.400000     0.000027396222604
21.500000     0.000026966973033
21.600000     0.000033481466519
21.700000     0.000026916473084
21.800000     0.000034137965862
21.900000     0.000025704474296
22.000000     0.000034516715483
22.100000     0.000029214220786
22.200000     0.000035097464903
22.300000     0.000039314210686
22.400000     0.000028507221493
22.500000     0.000032875467125
22.600000     0.000031486718513
22.700000     0.000037748712251
22.800000     0.000028885971114
22.900000     0.000033759216241
23.000000     0.000036385213615
23.100000     0.000037950712049
23.200000     0.000038253711746
23.300000     0.000031133218867
23.400000     0.000026663973336
23.500000     0.000027194222806
23.600000     0.000028759721240
23.700000     0.000040930209070
23.800000     0.000030729219271
23.900000     0.000030476719523
24.000000     0.000035526714473
24.100000     0.000029845470155
24.200000     0.000029062720937
24.300000     0.000029491970508
24.400000     0.000019972730027
24.500000     0.000041763458237
24.600000     0.000037369962630
24.700000     0.000040904959095
24.800000     0.000038405211595
24.900000     0.000032698717301
25.000000     0.000029239470761
25.100000     0.000040147459853
25.200000     0.000029037470963
25.300000     0.000026764973235
25.400000     0.000028860721139
25.500000     0.000026335723664
25.600000     0.000035652964347
25.700000     0.000025628724371
25.800000     0.000036991213009
25.900000     0.000033329966670
26.000000     0.000035905464095
26.100000     0.000032875467125
26.200000     0.000035425714574
26.300000     0.000035223714776
26.400000     0.000034541965458
26.500000     0.000031360468640
26.600000     0.000040652459348
26.700000     0.000030855469145
26.800000     0.000036006463994
26.900000     0.000032622967377
27.000000     0.000031208968791
27.100000     0.000028986971013
27.200000     0.000024517725482
27.300000     0.000031082718917
27.400000     0.000029592970407
27.500000     0.000022320977679
27.600000     0.000022144227856
27.700000     0.000038607211393
27.800000     0.000036132713867
27.900000     0.000039743460257
28.000000     0.000040273709726
28.100000     0.000028178971821
28.200000     0.000035021714978
28.300000     0.000032597717402
28.400000     0.000031537218463
28.500000     0.000021841228159
28.600000     0.000040778709221
28.700000     0.000028860721139
28.800000     0.000027875972124
28.900000     0.000023760226240
29.000000     0.000027446722553
29.100000     0.000029188970811
29.200000     0.000032622967377
29.300000     0.000027572972427
29.400000     0.000028456721543
29.500000     0.000032597717402
29.600000     0.000029921220079
29.700000     0.000022674477326
29.800000     0.000036435713564
29.900000     0.000041258458742
30.000000     0.000026234723765
30.100000     0.000032042217958
30.200000     0.000029239470761
30.300000     0.000029794970205
30.400000     0.000040601959398
30.500000     0.000031259468741
30.600000     0.000038304211696
30.700000     0.000024542975457
30.800000     0.000038177961822
30.900000     0.000029744470256
31.000000     0.000034693465307
31.100000     0.000028027471973
31.200000     0.000028481971518
31.300000     0.000029592970407
31.400000     0.000028557721442
31.500000     0.000032370467630
31.600000     0.000028532471468
31.700000     0.000034567215433
31.800000     0.000027118472882
31.900000     0.000029567720432
32.000000     0.000036006463994
32.100000     0.000031663468337
32.200000     0.000027295222705
32.300000     0.000033759216241
32.400000     0.000026234723765
32.500000     0.000034693465307
32.600000     0.000028279971720
32.700000     0.000029214220786
32.800000     0.000041182708817
32.900000     0.000039743460257
33.000000     0.000033481466519
33.100000     0.000020906979093
33.200000     0.000036385213615
33.300000     0.000033001716998
33.400000     0.000036309463691
33.500000     0.000032799717200
33.600000     0.000033127966872
33.700000     0.000029264720735
33.800000     0.000022472477528
33.900000     0.000035198464802
34.000000     0.000026613473387
34.100000     0.000032370467630
34.200000     0.000031057468943
34.300000     0.000029340470660
34.400000     0.000040298959701
34.500000     0.000032648217352
34.600000     0.000032395717604
34.700000     0.000033481466519
34.800000     0.000029895970104
34.900000     0.000036486213514
35.000000     0.000034819715180
35.100000     0.000036662963337
35.200000     0.000033153216847
35.300000     0.000040728209272
35.400000     0.000034794465206
35.500000     0.000030602969397
35.600000     0.000040096959903
35.700000     0.000026436723563
35.800000     0.000027572972427
35.900000     0.000032143217857
36.000000     0.000026689223311
36.100000     0.000037571962428
36.200000     0.000031234218766
36.300000     0.000024088475912
36.400000     0.000024517725482
36.500000     0.000038607211393
36.600000     0.000033733966266
36.700000     0.000032370467630
36.800000     0.000035147964852
36.900000     0.000030931219069
37.000000     0.000033203716796
37.100000     0.000032875467125
37.200000     0.000027168972831
37.300000     0.000039617210383
37.400000     0.000036789213211
37.500000     0.000037369962630
37.600000     0.000019265730734
37.700000     0.000027168972831
37.800000     0.000032496717503
37.900000     0.000034036965963
38.000000     0.000035046964953
38.100000     0.000026184223816
38.200000     0.000023583476417
38.300000     0.000029062720937
38.400000     0.000020654479346
38.500000     0.000032774467226
38.600000     0.000028279971720
38.700000     0.000028229471771
38.800000     0.000022750227250
38.900000     0.000036814463186
39.000000     0.000029340470660
39.100000     0.000031814968185
39.200000     0.000027446722553
39.300000     0.000023583476417
39.400000     0.000023911726088
39.500000     0.000021992728007
39.600000     0.000035880214120
39.700000     0.000039995960004
39.800000     0.000024366225634
39.900000     0.000032749217251
40.000000     0.000035122714877
40.100000     0.000032900717099
40.200000     0.000028330471670
40.300000     0.000038051711948
40.400000     0.000025881224119
40.500000     0.000031032218968
40.600000     0.000028936471064
40.700000     0.000028002221998
40.800000     0.000026588223412
40.900000     0.000029037470963
41.000000     0.000027017472983
41.100000     0.000033607716392
41.200000     0.000027396222604
41.300000     0.000040930209070
41.400000     0.000036814463186
41.500000     0.000035627714372
41.600000     0.000033481466519
41.700000     0.000026638723361
41.800000     0.000026310473690
41.900000     0.000032875467125
42.000000     0.000035779214221
42.100000     0.000023886476114
42.200000     0.000030123219877
42.300000     0.000030224219776
42.400000     0.000035501464499
42.500000     0.000022750227250
42.600000     0.000039389960610
42.700000     0.000031309968690
42.800000     0.000033834966165
42.900000     0.000029113220887
43.000000     0.000026285223715
43.100000     0.000029138470862
43.200000     0.000031713968286
43.300000     0.000033658216342
43.400000     0.000033885466115
43.500000     0.000029719220281
43.600000     0.000027219472781
43.700000     0.000036890213110
43.800000     0.000032648217352
43.900000     0.000028532471468
44.000000     0.000037445712554
44.100000     0.000028128471872
44.200000     0.000026285223715
44.300000     0.000025780224220
44.400000     0.000031259468741
44.500000     0.000031814968185
44.600000     0.000032244217756
44.700000     0.000041132208868
44.800000     0.000030148469852
44.900000     0.000029163720836
45.000000     0.000031966468034
45.100000     0.000021790728209
45.200000     0.000029416220584
45.300000     0.000038783961216
45.400000     0.000037092212908
45.500000     0.000026588223412
45.600000     0.000034036965963
45.700000     0.000035223714776
45.800000     0.000028683971316
45.900000     0.000030729219271
46.000000     0.000025477224523
46.100000     0.000023053226947
46.200000     0.000028911221089
46.300000     0.000035551964448
46.400000     0.000031309968690
46.500000     0.000035602464398
46.600000     0.000028633471367
46.700000     0.000031688718311
46.800000     0.000029239470761
46.900000     0.000034945965054
47.000000     0.000027194222806
47.100000     0.000031360468640
47.200000     0.000030779719220
47.300000     0.000026815473185
47.400000     0.000026436723563
47.500000     0.000035425714574
47.600000     0.000028582971417
47.700000     0.000035829714170
47.800000     0.000026613473387
47.900000     0.000034920715079
48.000000     0.000027446722553
48.100000     0.000038657711342
48.200000     0.000029087970912
48.300000     0.000031158468842
48.400000     0.000031537218463
48.500000     0.000029870720129
48.600000     0.000028860721139
48.700000     0.000034087465913
48.800000     0.000036460963539
48.900000     0.000037369962630
49.000000     0.000026891223109
49.100000     0.000021563478437
49.200000     0.000039364710635
49.300000     0.000037268962731
49.400000     0.000033329966670
49.500000     0.000023053226947
49.600000     0.000032850217150
49.700000     0.000034567215433
49.800000     0.000038682961317
49.900000     0.000034087465913
50.000000     0.000028683971316
50.100000     0.000026335723664
50.200000     0.000027648722351
50.300000     0.000030779719220
50.400000     0.000026234723765
50.500000     0.000026133723866
50.600000     0.000026007473993
50.700000     0.000032572467428
50.800000     0.000032496717503
50.900000     0.000036157963842
51.000000     0.000026638723361
51.100000     0.000025603474397
51.200000     0.000037142712857
51.300000     0.000035476214524
51.400000     0.000033456216544
51.500000     0.000032925967074
51.600000     0.000026032723967
51.700000     0.000025199474801
51.800000     0.000025982224018
51.900000     0.000027067972932
52.000000     0.000026588223412
52.100000     0.000030022219978
52.200000     0.000026588223412
52.300000     0.000029921220079
52.400000     0.000036763963236
52.500000     0.000033228966771
52.600000     0.000024845975154
52.700000     0.000034592465408
52.800000     0.000032799717200
52.900000     0.000025931724068
53.000000     0.000028835471165
53.100000     0.000028052721947
53.200000     0.000036688213312
53.300000     0.000025098474902
53.400000     0.000030880719119
53.500000     0.000030325219675
53.600000     0.000039591960408
53.700000     0.000038177961822
53.800000     0.000039339460661
53.900000     0.000032673467327
54.000000     0.000031764468236
54.100000     0.000028507221493
54.200000     0.000036738713261
54.300000     0.000028608221392
54.400000     0.000041738208262
54.500000     0.000040147459853
54.600000     0.000034466215534
54.700000     0.000034415715584
54.800000     0.000028380971619
54.900000     0.000036561963438
55.000000     0.000028784971215
55.100000     0.000039970710029
55.200000     0.000037041712958
55.300000     0.000038506211494
55.400000     0.000037900212100
55.500000     0.000031234218766
55.600000     0.000034365215635
55.700000     0.000037925462075
55.800000     0.000027547722452
55.900000     0.000036587213413
56.000000     0.000035501464499
56.100000     0.000037546712453
56.200000     0.000034314715685
56.300000     0.000033481466519
56.400000     0.000030123219877
56.500000     0.000030804969195
56.600000     0.000029870720129
56.700000     0.000040930209070
56.800000     0.000040930209070
56.900000     0.000030325219675
57.000000     0.000031915968084
57.100000     0.000027598222402
57.200000     0.000037218462782
57.300000     0.000034137965862
57.400000     0.000037218462782
57.500000     0.000030097969902
57.600000     0.000038152711847
57.700000     0.000025628724371
57.800000     0.000036915463085
57.900000     0.000035652964347
58.000000     0.000036940713059
58.100000     0.000040778709221
58.200000     0.000024214725785
58.300000     0.000031360468640
58.400000     0.000036284213716
58.500000     0.000035551964448
58.600000     0.000034339965660
58.700000     0.000032951217049
58.800000     0.000032547217453
58.900000     0.000027497222503
59.000000     0.000044136955863
59.100000     0.000043051206949
59.200000     0.000032648217352
59.300000     0.000029466720533
59.400000     0.000038809211191
59.500000     0.000045172204828
59.600000     0.000049868700131
59.700000     0.000036814463186
59.800000     0.000034289465711
59.900000     0.000036839713160
60.000000     0.000044490455510
60.100000     0.000046030703969
60.200000     0.000045399454601
60.300000     0.000041056458944
60.400000     0.000033557216443
60.500000     0.000032976467024
60.600000     0.000034137965862
60.700000     0.000035400464600
60.800000     0.000033531966468
60.900000     0.000036284213716
61.000000     0.000032547217453
61.100000     0.000033506716493
61.200000     0.000037698212302
61.300000     0.000026032723967
61.400000     0.000053454196546
61.500000     0.000028456721543
61.600000     0.000037647712352
61.700000     0.000032900717099
61.800000     0.000030527219473
61.900000     0.000037748712251
62.000000     0.000036688213312
62.100000     0.000037849712150
62.200000     0.000051282698717
62.300000     0.000045424704575
62.400000     0.000043101706898
62.500000     0.000029870720129
62.600000     0.000046434703565
62.700000     0.000034087465913
62.800000     0.000035299464701
62.900000     0.000033279466721
63.000000     0.000036612463388
63.100000     0.000038783961216
63.200000     0.000032244217756
63.300000     0.000023457226543
63.400000     0.000034743965256
63.500000     0.000041258458742
63.600000     0.000040046459954
63.700000     0.000032521967478
63.800000     0.000038076961923
63.900000     0.000031663468337
64.000000     0.000035375214625
64.100000     0.000037496212504
64.200000     0.000028355721644
64.300000     0.000031436218564
64.400000     0.000031511968488
64.500000     0.000042318957681
64.600000     0.000033683466317
64.700000     0.000053151196849
64.800000     0.000041990708009
64.900000     0.000056458943541
65.000000     0.000031991718008
65.100000     0.000033809716190
65.200000     0.000049565700434
65.300000     0.000034895465105
65.400000     0.000040551459449
65.500000     0.000029062720937
65.600000     0.000028178971821
65.700000     0.000038304211696
65.800000     0.000034794465206
65.900000     0.000041561458439
66.000000     0.000025199474801
66.100000     0.000031941218059
66.200000     0.000033658216342
66.300000     0.000049691950308
66.400000     0.000036839713160
66.500000     0.000032648217352
66.600000     0.000039011210989
66.700000     0.000040475709524
66.800000     0.000038329461671
66.900000     0.000035955964044
67.000000     0.000043278456722
67.100000     0.000043783456217
67.200000     0.000041611958388
67.300000     0.000032521967478
67.400000     0.000031562468438
67.500000     0.000038177961822
67.600000     0.000031688718311
67.700000     0.000035400464600
67.800000     0.000031612968387
67.900000     0.000034188465812
68.000000     0.000037597212403
68.100000     0.000029921220079
68.200000     0.000043682456318
68.300000     0.000042647207353
68.400000     0.000035829714170
68.500000     0.000030956469044
68.600000     0.000034163215837
68.700000     0.000044616705383
68.800000     0.000037748712251
68.900000     0.000030224219776
69.000000     0.000039793960206
69.100000     0.000032749217251
69.200000     0.000030855469145
69.300000     0.000042975457025
69.400000     0.000039213210787
69.500000     0.000039819210181
69.600000     0.000028759721240
69.700000     0.000033658216342
69.800000     0.000048277951722
69.900000     0.000039238460762
70.000000     0.000047116452884
70.100000     0.000040425209575
70.200000     0.000034844965155
70.300000     0.000041990708009
70.400000     0.000035299464701
70.500000     0.000039314210686
70.600000     0.000024492475508
70.700000     0.000043379456621
70.800000     0.000032168467832
70.900000     0.000041586708413
71.000000     0.000044162205838
71.100000     0.000028911221089
71.200000     0.000034011715988
71.300000     0.000038935461065
71.400000     0.000034920715079
71.500000     0.000040223209777
71.600000     0.000043303706696
71.700000     0.000033481466519
71.800000     0.000037445712554
71.900000     0.000038607211393
72.000000     0.000033759216241
72.100000     0.000043884456116
72.200000     0.000032042217958
72.300000     0.000031436218564
72.400000     0.000036839713160
72.500000     0.000026891223109
72.600000     0.000040374709625
72.700000     0.000036082213918
72.800000     0.000052065447935
72.900000     0.000034238965761
73.000000     0.000035021714978
73.100000     0.000044742955257
73.200000     0.000038910211090
73.300000     0.000035779214221
73.400000     0.000035703464297
73.500000     0.000033632966367
73.600000     0.000042318957681
73.700000     0.000029542470458
73.800000     0.000027143722856
73.900000     0.000041435208565
74.000000     0.000033910716089
74.100000     0.000040980709019
74.200000     0.000031688718311
74.300000     0.000047444702555
74.400000     0.000045197454803
74.500000     0.000037092212908
74.600000     0.000037294212706
74.700000     0.000054615695384
74.800000     0.000041308958691
74.900000     0.000032648217352
75.000000     0.000047318452682
75.100000     0.000040096959903
75.200000     0.000030400969599
75.300000     0.000040526209474
75.400000     0.000040021209979
75.500000     0.000037445712554
75.600000     0.000042950207050
75.700000     0.000033860216140
75.800000     0.000029517220483
75.900000     0.000037824462176
76.000000     0.000040980709019
76.100000     0.000040930209070
76.200000     0.000050222199778
76.300000     0.000042874457126
76.400000     0.000041965458035
76.500000     0.000045197454803
76.600000     0.000036965963034
76.700000     0.000036738713261
76.800000     0.000047697202303
76.900000     0.000035905464095
77.000000     0.000034264215736
77.100000     0.000035577214423
77.200000     0.000041839208161
77.300000     0.000033607716392
77.400000     0.000034895465105
77.500000     0.000041005958994
77.600000     0.000032345217655
77.700000     0.000045929704070
77.800000     0.000044641955358
77.900000     0.000037723462277
78.000000     0.000031562468438
78.100000     0.000038480961519
78.200000     0.000036208463792
78.300000     0.000036435713564
78.400000     0.000042091707908
78.500000     0.000036157963842
78.600000     0.000029592970407
78.700000     0.000038253711746
78.800000     0.000038783961216
78.900000     0.000034844965155
79.000000     0.000034238965761
79.100000     0.000043657206343
79.200000     0.000042950207050
79.300000     0.000032925967074
79.400000     0.000034415715584
79.500000     0.000034112715887
79.600000     0.000043682456318
79.700000     0.000045853954146
79.800000     0.000029214220786
79.900000     0.000043808706191
80.000000     0.000043000706999
80.100000     0.000042874457126
80.200000     0.000036486213514
80.300000     0.000035450964549
80.400000     0.000036056963943
80.500000     0.000040677709322
80.600000     0.000040147459853
80.700000     0.000038758711241
80.800000     0.000028835471165
80.900000     0.000044263205737
81.000000     0.000043985456015
81.100000     0.000036410463590
81.200000     0.000026032723967
81.300000     0.000034743965256
81.400000     0.000034567215433
81.500000     0.000043859206141
81.600000     0.000036587213413
81.700000     0.000033759216241
81.800000     0.000033329966670
81.900000     0.000040475709524
82.000000     0.000040096959903
82.100000     0.000039869710130
82.200000     0.000042596707403
82.300000     0.000035299464701
82.400000     0.000029946470054
82.500000     0.000034415715584
82.600000     0.000036789213211
82.700000     0.000044540955459
82.800000     0.000036435713564
82.900000     0.000035173214827
83.000000     0.000027774972225
83.100000     0.000044692455308
83.200000     0.000034087465913
83.300000     0.000045197454803
83.400000     0.000046106453894
83.500000     0.000032345217655
83.600000     0.000044338955661
83.700000     0.000047697202303
83.800000     0.000044970205030
83.900000     0.000032648217352
84.000000     0.000033279466721
84.100000     0.000035198464802
84.200000     0.000029693970306
84.300000     0.000039086960913
84.400000     0.000044035955964
84.500000     0.000034339965660
84.600000     0.000034794465206
84.700000     0.000032547217453
84.800000     0.000040652459348
84.900000     0.000026259973740
85.000000     0.000039263710736
85.100000     0.000039238460762
85.200000     0.000038379961620
85.300000     0.000027926472074
85.400000     0.000028734471266
85.500000     0.000030628219372
85.600000     0.000043783456217
85.700000     0.000030123219877
85.800000     0.000043758206242
85.900000     0.000036233713766
86.000000     0.000025704474296
86.100000     0.000038228461772
86.200000     0.000035804464196
86.300000     0.000035905464095
86.400000     0.000032799717200
86.500000     0.000042318957681
86.600000     0.000032420967579
86.700000     0.000042849207151
86.800000     0.000048959701040
86.900000     0.000041308958691
87.000000     0.000040349459651
87.100000     0.000034415715584
87.200000     0.000038859711140
87.300000     0.000034693465307
87.400000     0.000038809211191
87.500000     0.000038253711746
87.600000     0.000034971215029
87.700000     0.000029340470660
87.800000     0.000033683466317
87.900000     0.000046914453086
88.000000     0.000038480961519
88.100000     0.000034238965761
88.200000     0.000033632966367
88.300000     0.000036031713968
88.400000     0.000040021209979
88.500000     0.000038051711948
88.600000     0.000033279466721
88.700000     0.000032420967579
88.800000     0.000035072214928
88.900000     0.000028582971417
89.000000     0.000020124229876
89.100000     0.000039894960105
89.200000     0.000035198464802
89.300000     0.000036410463590
89.400000     0.000036637713362
89.500000     0.000035551964448
89.600000     0.000033582466418
89.700000     0.000036940713059
89.800000     0.000038783961216
89.900000     0.000031006968993
90.000000     0.000023608726391
90.100000     0.000039844460156
90.200000     0.000038228461772
90.300000     0.000036965963034
90.400000     0.000039314210686
90.500000     0.000033531966468
90.600000     0.000042571457429
90.700000     0.000038985961014
90.800000     0.000042419957580
90.900000     0.000035930714069
91.000000     0.000031107968892
91.100000     0.000032016967983
91.200000     0.000041308958691
91.300000     0.000038506211494
91.400000     0.000029517220483
91.500000     0.000038758711241
91.600000     0.000036334713665
91.700000     0.000036334713665
91.800000     0.000033809716190
91.900000     0.000030325219675
92.000000     0.000042647207353
92.100000     0.000040879709120
92.200000     0.000034188465812
92.300000     0.000033910716089
92.400000     0.000035627714372
92.500000     0.000035248964751
92.600000     0.000041485708514
92.700000     0.000037546712453
92.800000     0.000039213210787
92.900000     0.000041662458338
93.000000     0.000032193717806
93.100000     0.000029012220988
93.200000     0.000029921220079
93.300000     0.000033102716897
93.400000     0.000029693970306
93.500000     0.000030729219271
93.600000     0.000028153721846
93.700000     0.000023810726189
93.800000     0.000020932229068
93.900000     0.000033355216645
94.000000     0.000035198464802
94.100000     0.000033986466014
94.200000     0.000033961216039
94.300000     0.000039162710837
94.400000     0.000030375719624
94.500000     0.000028128471872
94.600000     0.000027067972932
94.700000     0.000037723462277
94.800000     0.000025704474296
94.900000     0.000036511463489
95.000000     0.000040096959903
95.100000     0.000040500959499
95.200000     0.000037571962428
95.300000     0.000030981719018
95.400000     0.000026487223513
95.500000     0.000025982224018
95.600000     0.000026411473589
95.700000     0.000032824967175
95.800000     0.000029012220988
95.900000     0.000030905969094
96.000000     0.000026916473084
96.100000     0.000036284213716
96.200000     0.000030501969498
96.300000     0.000030830219170
96.400000     0.000044843955156
96.500000     0.000032622967377
96.600000     0.000030779719220
96.700000     0.000033355216645
96.800000     0.000033632966367
96.900000     0.000038455711544
97.000000     0.000022750227250
97.100000     0.000037066962933
97.200000     0.000033557216443
97.300000     0.000041106958893
97.400000     0.000028608221392
97.500000     0.000035678214322
97.600000     0.000022649227351
97.700000     0.000035703464297
97.800000     0.000045752954247
97.900000     0.000035829714170
98.000000     0.000032471467529
98.100000     0.000034365215635
98.200000     0.000039389960610
98.300000     0.000054817695182
98.400000     0.000034743965256
98.500000     0.000027320472680
98.600000     0.000025325724674
98.700000     0.000034516715483
98.800000     0.000037900212100
98.900000     0.000033607716392
99.000000     0.000028052721947
99.100000     0.000030426219574
99.200000     0.000027143722856
99.300000     0.000039642460358
99.400000     0.000024770225230
99.500000     0.000041359458641
99.600000     0.000030350469650
99.700000     0.000041485708514
99.800000     0.000030931219069
99.900000     0.000028885971114
100.000000     0.000039743460257
100.100000     0.000030451469549
100.200000     0.000034491465509
100.300000     0.000028683971316
100.400000     0.000027976972023
100.500000     0.000031840218160
100.600000     0.000038632461368
100.700000     0.000029517220483
100.800000     0.000031133218867
100.900000     0.000030097969902
101.000000     0.000028759721240
101.100000     0.000037369962630
101.200000     0.000034137965862
101.300000     0.000027875972124
101.400000     0.000031486718513
101.500000     0.000031284718715
101.600000     0.000028734471266
101.700000     0.000025376224624
101.800000     0.000027724472276
101.900000     0.000026613473387
102.000000     0.000031436218564
102.100000     0.000033127966872
102.200000     0.000035652964347
102.300000     0.000017397232603
102.400000     0.000031436218564
102.500000     0.000028961721038
102.600000     0.000033026966973
102.700000     0.000024921725078
102.800000     0.000024871225129
102.900000     0.000026537723462
103.000000     0.000025855974144
103.100000     0.000029113220887
103.200000     0.000025527724472
103.300000     0.000024896475104
103.400000     0.000028279971720
103.500000     0.000026158973841
103.600000     0.000021310978689
103.700000     0.000021058478942
103.800000     0.000026032723967
103.900000     0.000031840218160
104.000000     0.000031107968892
104.100000     0.000030880719119
104.200000     0.000028683971316
104.300000     0.000027042722957
104.400000     0.000028254721745
104.500000     0.000031966468034
104.600000     0.000025982224018
104.700000     0.000032925967074
104.800000     0.000027901222099
104.900000     0.000027800222200
105.000000     0.000025350974649
105.100000     0.000021639228361
105.200000     0.000028961721038
105.300000     0.000034870215130
105.400000     0.000027951722048
105.500000     0.000033456216544
105.600000     0.000030653469347
105.700000     0.000021209978790
105.800000     0.000023962226038
105.900000     0.000025527724472
106.000000     0.000025653974346
106.100000     0.000039465710534
106.200000     0.000031789718210
106.300000     0.000026108473892
106.400000     0.000029289970710
106.500000     0.000028204221796
106.600000     0.000033986466014
106.700000     0.000032471467529
106.800000     0.000035526714473
106.900000     0.000028885971114
107.000000     0.000023457226543
107.100000     0.000027295222705
107.200000     0.000036031713968
107.300000     0.000025653974346
107.400000     0.000030022219978
107.500000     0.000030830219170
107.600000     0.000024770225230
107.700000     0.000028406221594
107.800000     0.000039187960812
107.900000     0.000030249469751
108.000000     0.000019316230684
108.100000     0.000025881224119
108.200000     0.000028077971922
108.300000     0.000030375719624
108.400000     0.000022017977982
108.500000     0.000023406726593
108.600000     0.000023734976265
108.700000     0.000024795475205
108.800000     0.000026739723260
108.900000     0.000023684476316
109.000000     0.000036536713463
109.100000     0.000032850217150
109.200000     0.000027421472579
109.300000     0.000039490960509
109.400000     0.000035476214524
109.500000     0.000022825977174
109.600000     0.000029315220685
109.700000     0.000028052721947
109.800000     0.000019619230381
109.900000     0.000017220482780
110.000000     0.000023482476518
110.100000     0.000028330471670
110.200000     0.000030123219877
110.300000     0.000026184223816
110.400000     0.000040046459954
110.500000     0.000025704474296
110.600000     0.000029138470862
110.700000     0.000029895970104
110.800000     0.000032572467428
110.900000     0.000025073224927
111.000000     0.000027749722250
111.100000     0.000021765478235
111.200000     0.000028178971821
111.300000     0.000028633471367
111.400000     0.000034264215736
111.500000     0.000024719725280
111.600000     0.000025754974245
111.700000     0.000026764973235
111.800000     0.000031410968589
111.900000     0.000027370972629
112.000000     0.000032168467832
112.100000     0.000022598727401
112.200000     0.000022118977881
112.300000     0.000029365720634
112.400000     0.000029719220281
112.500000     0.000024542975457
112.600000     0.000024492475508
112.700000     0.000025275224725
112.800000     0.000031890718109
112.900000     0.000020957479043
113.000000     0.000023861226139
113.100000     0.000020528229472
113.200000     0.000025275224725
113.300000     0.000026588223412
113.400000     0.000028002221998
113.500000     0.000022649227351
113.600000     0.000030804969195
113.700000     0.000030249469751
113.800000     0.000024239975760
113.900000     0.000023760226240
114.000000     0.000015351984648
114.100000     0.000025956974043
114.200000     0.000033052216948
114.300000     0.000031966468034
114.400000     0.000032622967377
114.500000     0.000034642965357
114.600000     0.000032016967983
114.700000     0.000032244217756
114.800000     0.000022548227452
114.900000     0.000025578224422
115.000000     0.000030527219473
115.100000     0.000029138470862
115.200000     0.000023103726896
115.300000     0.000027850722149
115.400000     0.000029996970003
115.500000     0.000024214725785
115.600000     0.000022548227452
115.700000     0.000034036965963
115.800000     0.000023027976972
115.900000     0.000032168467832
116.000000     0.000025123724876
116.100000     0.000032799717200
116.200000     0.000027648722351
116.300000     0.000022295727704
116.400000     0.000033910716089
116.500000     0.000039768710231
116.600000     0.000034819715180
116.700000     0.000039566710433
116.800000     0.000038127461873
116.900000     0.000021437228563
117.000000     0.000020578729421
117.100000     0.000031385718614
117.200000     0.000020982729017
117.300000     0.000028406221594
117.400000     0.000028027471973
117.500000     0.000029441470559
117.600000     0.000028734471266
117.700000     0.000029264720735
117.800000     0.000034971215029
117.900000     0.000023229976770
118.000000     0.000033986466014
118.100000     0.000032345217655
118.200000     0.000029315220685
118.300000     0.000031107968892
118.400000     0.000031461468539
118.500000     0.000028911221089
118.600000     0.000030703969296
118.700000     0.000030022219978
118.800000     0.000032850217150
118.900000     0.000029567720432
119.000000     0.000033708716291
119.100000     0.000025401474599
119.200000     0.000026714473286
119.300000     0.000023962226038
119.400000     0.000038278961721
119.500000     0.000035627714372
119.600000     0.000028608221392
119.700000     0.000031360468640
119.800000     0.000021134228866
119.900000     0.000033531966468
120.000000     0.000026461973538
120.100000     0.000033683466317
120.200000     0.000024138975861
120.300000     0.000042116957883
120.400000     0.000025552974447
120.500000     0.000032597717402
120.600000     0.000021235228765
120.700000     0.000029214220786
120.800000     0.000035981214019
120.900000     0.000033430966569
121.000000     0.000031789718210
121.100000     0.000038076961923
121.200000     0.000020250479750
121.300000     0.000023633976366
121.400000     0.000032521967478
121.500000     0.000034870215130
121.600000     0.000030047469953
121.700000     0.000026461973538
121.800000     0.000030880719119
121.900000     0.000025300474700
122.000000     0.000020073729926
122.100000     0.000025704474296
122.200000     0.000035425714574
122.300000     0.000035046964953
122.400000     0.000028431471569
122.500000     0.000032420967579
122.600000     0.000032193717806
122.700000     0.000035627714372
122.800000     0.000032395717604
122.900000     0.000027724472276
123.000000     0.000033228966771
123.100000     0.000033961216039
123.200000     0.000022068477932
123.300000     0.000030400969599
123.400000     0.000025906474094
123.500000     0.000030224219776
123.600000     0.000029390970609
123.700000     0.000028052721947
123.800000     0.000025527724472
123.900000     0.000034213715786
124.000000     0.000039894960105
124.100000     0.000036991213009
124.200000     0.000030628219372
124.300000     0.000031486718513
124.400000     0.000037016462984
124.500000     0.000034971215029
124.600000     0.000036334713665
124.700000     0.000023204726795
124.800000     0.000021462478538
124.900000     0.000023406726593
125.000000     0.000034087465913
125.100000     0.000032572467428
125.200000     0.000028835471165
125.300000     0.000030476719523
125.400000     0.000028633471367
125.500000     0.000025855974144
125.600000     0.000034491465509
125.700000     0.000027598222402
125.800000     0.000028002221998
125.900000     0.000023078476922
126.000000     0.000028633471367
126.100000     0.000026411473589
126.200000     0.000027623472377
126.300000     0.000023280476720
126.400000     0.000030097969902
126.500000     0.000021184728815
126.600000     0.000024113725886
126.700000     0.000037496212504
126.800000     0.000039945460055
126.900000     0.000031360468640
127.000000     0.000019492980507
127.100000     0.000032420967579
127.200000     0.000029794970205
127.300000     0.000036940713059
127.400000     0.000026436723563
127.500000     0.000032067467933
127.600000     0.000028254721745
127.700000     0.000023785476215
127.800000     0.000042621957378
127.900000     0.000041990708009
128.000000     0.000033228966771
128.100000     0.000031537218463
128.200000     0.000027800222200
128.300000     0.000027168972831
128.400000     0.000025578224422
128.500000     0.000032723967276
128.600000     0.000034390465610
128.700000     0.000044919705080
128.800000     0.000036612463388
128.900000     0.000034087465913
129.000000     0.000022674477326
129.100000     0.000040475709524
129.200000     0.000039743460257
129.300000     0.000034794465206
129.400000     0.000025249974750
129.500000     0.000020957479043
129.600000     0.000025805474195
129.700000     0.000021108978891
129.800000     0.000038001211999
129.900000     0.000035021714978
130.000000     0.000025477224523
130.100000     0.000028279971720
130.200000     0.000017094232906
130.300000     0.000031713968286
130.400000     0.000035072214928
130.500000     0.000036587213413
130.600000     0.000027345722654
130.700000     0.000036233713766
130.800000     0.000026158973841
130.900000     0.000034870215130
131.000000     0.000026007473993
131.100000     0.000035703464297
131.200000     0.000035905464095
131.300000     0.000037824462176
131.400000     0.000031511968488
131.500000     0.000025679224321
131.600000     0.000023305726694
131.700000     0.000031006968993
131.800000     0.000040475709524
131.900000     0.000027800222200
132.000000     0.000039642460358
132.100000     0.000027143722856
132.200000     0.000039516210484
132.300000     0.000029315220685
132.400000     0.000028608221392
132.500000     0.000025098474902
132.600000     0.000026133723866
132.700000     0.000038329461671
132.800000     0.000037470962529
132.900000     0.000027623472377
133.000000     0.000032875467125
133.100000     0.000029996970003
133.200000     0.000030047469953
133.300000     0.000031638218362
133.400000     0.000040980709019
133.500000     0.000029693970306
133.600000     0.000025022724977
133.700000     0.000039061710938
133.800000     0.000024972225028
133.900000     0.000028507221493
134.000000     0.000029138470862
134.100000     0.000031082718917
134.200000     0.000035728714271
134.300000     0.000034516715483
134.400000     0.000026285223715
134.500000     0.000026663973336
134.600000     0.000022320977679
134.700000     0.000027623472377
134.800000     0.000038783961216
134.900000     0.000020831229169
135.000000     0.000028204221796
135.100000     0.000033834966165
135.200000     0.000036309463691
135.300000     0.000023709726290
135.400000     0.000032420967579
135.500000     0.000044490455510
135.600000     0.000031107968892
135.700000     0.000026461973538
135.800000     0.000033279466721
135.900000     0.000025729724270
136.000000     0.000033733966266
136.100000     0.000024820725179
136.200000     0.000028355721644
136.300000     0.000033506716493
136.400000     0.000033506716493
136.500000     0.000026663973336
136.600000     0.000029921220079
136.700000     0.000041031208969
136.800000     0.000027244722755
136.900000     0.000032799717200
137.000000     0.000029214220786
137.100000     0.000036965963034
137.200000     0.000034920715079
137.300000     0.000040425209575
137.400000     0.000038026461974
137.500000     0.000029769720230
137.600000     0.000028885971114
137.700000     0.000035476214524
137.800000     0.000030476719523
137.900000     0.000031966468034
138.000000     0.000035854964145
138.100000     0.000040652459348
138.200000     0.000034036965963
138.300000     0.000026790223210
138.400000     0.000030830219170
138.500000     0.000037799212201
138.600000     0.000032446217554
138.700000     0.000032420967579
138.800000     0.000033052216948
138.900000     0.000030754469246
139.000000     0.000025451974548
139.100000     0.000030981719018
139.200000     0.000034870215130
139.300000     0.000023936976063
139.400000     0.000033759216241
139.500000     0.000033708716291
139.600000     0.000027598222402
139.700000     0.000035349964650
139.800000     0.000036486213514
139.900000     0.000035122714877
140.000000     0.000030981719018
140.100000     0.000027825472175
140.200000     0.000031183718816
140.300000     0.000036688213312
140.400000     0.000031410968589
140.500000     0.000038809211191
140.600000     0.000030299969700
140.700000     0.000031082718917
140.800000     0.000026840723159
140.900000     0.000032496717503
141.000000     0.000030426219574
141.100000     0.000028936471064
141.200000     0.000029466720533
141.300000     0.000022346227654
141.400000     0.000039415210585
141.500000     0.000041712958287
141.600000     0.000041485708514
141.700000     0.000032345217655
141.800000     0.000030400969599
141.900000     0.000039288960711
142.000000     0.000021689728310
142.100000     0.000027244722755
142.200000     0.000034036965963
142.300000     0.000024896475104
142.400000     0.000029416220584
142.500000     0.000034945965054
142.600000     0.000028835471165
142.700000     0.000036258963741
142.800000     0.000038026461974
142.900000     0.000030325219675
143.000000     0.000037874962125
143.100000     0.000032799717200
143.200000     0.000035324714675
143.300000     0.000025628724371
143.400000     0.000028153721846
143.500000     0.000034390465610
143.600000     0.000030602969397
143.700000     0.000036662963337
143.800000     0.000030375719624
143.900000     0.000031335218665
144.000000     0.000034541965458
144.100000     0.000032521967478
144.200000     0.000037748712251
144.300000     0.000030855469145
144.400000     0.000036385213615
144.500000     0.000045374204626
144.600000     0.000047570952429
144.700000     0.000030047469953
144.800000     0.000033405716594
144.900000     0.000039591960408
145.000000     0.000032395717604
145.100000     0.000045626704373
145.200000     0.000031966468034
145.300000     0.000038708211292
145.400000     0.000033279466721
145.500000     0.000027800222200
145.600000     0.000037824462176
145.700000     0.000037470962529
145.800000     0.000031208968791
145.900000     0.000036991213009
146.000000     0.000035072214928
146.100000     0.000030097969902
146.200000     0.000033658216342
146.300000     0.000035829714170
146.400000     0.000037874962125
146.500000     0.000037950712049
146.600000     0.000038379961620
146.700000     0.000035173214827
146.800000     0.000041384708615
146.900000     0.000030047469953
147.000000     0.000033153216847
147.100000     0.000036612463388
147.200000     0.000028633471367
147.300000     0.000027042722957
147.400000     0.000034491465509
147.500000     0.000038177961822
147.600000     0.000028128471872
147.700000     0.000034668215332
147.800000     0.000033228966771
147.900000     0.000033809716190
148.000000     0.000029845470155
148.100000     0.000039389960610
148.200000     0.000041409958590
148.300000     0.000035804464196
148.400000     0.000036991213009
148.500000     0.000031663468337
148.600000     0.000044843955156
148.700000     0.000040904959095
148.800000     0.000035021714978
148.900000     0.000034339965660
149.000000     0.000032117967882
149.100000     0.000035324714675
149.200000     0.000042571457429
149.300000     0.000038809211191
149.400000     0.000035198464802
149.500000     0.000050348449652
149.600000     0.000038859711140
149.700000     0.000033430966569
149.800000     0.000034819715180
149.900000     0.000029769720230
150.000000     0.000039213210787
150.100000     0.000033228966771
150.200000     0.000024088475912
150.300000     0.000023482476518
150.400000     0.000034794465206
150.500000     0.000039945460055
150.600000     0.000038102211898
150.700000     0.000029441470559
150.800000     0.000036309463691
150.900000     0.000031486718513
151.000000     0.000028254721745
151.100000     0.000040627209373
151.200000     0.000042369457631
151.300000     0.000028128471872
151.400000     0.000035728714271
151.500000     0.000052418947581
151.600000     0.000031234218766
151.700000     0.000034971215029
151.800000     0.000040551459449
151.900000     0.000034794465206
152.000000     0.000031612968387
152.100000     0.000034516715483
152.200000     0.000029491970508
152.300000     0.000029592970407
152.400000     0.000034491465509
152.500000     0.000034870215130
152.600000     0.000042924957075
152.700000     0.000043758206242
152.800000     0.000040122209878
152.900000     0.000028355721644
153.000000     0.000042344207656
153.100000     0.000048050701949
153.200000     0.000033961216039
153.300000     0.000051232198768
153.400000     0.000035829714170
153.500000     0.000048101201899
153.600000     0.000036789213211
153.700000     0.000033986466014
153.800000     0.000031234218766
153.900000     0.000045197454803
154.000000     0.000039541460459
154.100000     0.000035551964448
154.200000     0.000027471972528
154.300000     0.000028734471266
154.400000     0.000041914958085
154.500000     0.000034794465206
154.600000     0.000035173214827
154.700000     0.000044086455914
154.800000     0.000041510958489
154.900000     0.000034339965660
155.000000     0.000035021714978
155.100000     0.000041157458843
155.200000     0.000039137460863
155.300000     0.000034188465812
155.400000     0.000039516210484
155.500000     0.000042950207050
155.600000     0.000044313705686
155.700000     0.000031814968185
155.800000     0.000036132713867
155.900000     0.000027901222099
156.000000     0.000044843955156
156.100000     0.000036309463691
156.200000     0.000036511463489
156.300000     0.000046030703969
156.400000     0.000041763458237
156.500000     0.000033860216140
156.600000     0.000036309463691
156.700000     0.000041157458843
156.800000     0.000044389455611
156.900000     0.000041460458540
157.000000     0.000039440460560
157.100000     0.000037723462277
157.200000     0.000033102716897
157.300000     0.000026840723159
157.400000     0.000037218462782
157.500000     0.000038632461368
157.600000     0.000043859206141
157.700000     0.000033733966266
157.800000     0.000041611958388
157.900000     0.000029643470357
158.000000     0.000045071204929
158.100000     0.000037344712655
158.200000     0.000035097464903
158.300000     0.000034844965155
158.400000     0.000047949702050
158.500000     0.000041763458237
158.600000     0.000035930714069
158.700000     0.000052949197051
158.800000     0.000051408948591
158.900000     0.000040223209777
159.000000     0.000032067467933
159.100000     0.000033582466418
159.200000     0.000036587213413
159.300000     0.000031158468842
159.400000     0.000032547217453
159.500000     0.000042798707201
159.600000     0.000036082213918
159.700000     0.000039187960812
159.800000     0.000035854964145
159.900000     0.000053706696293
160.000000     0.000048631451369
160.100000     0.000034440965559
160.200000     0.000032496717503
160.300000     0.000045601454399
160.400000     0.000038506211494
160.500000     0.000035248964751
160.600000     0.000035829714170
160.700000     0.000050323199677
160.800000     0.000025098474902
160.900000     0.000043000706999
161.000000     0.000035955964044
161.100000     0.000029365720634
161.200000     0.000026461973538
161.300000     0.000039389960610
161.400000     0.000032597717402
161.500000     0.000039995960004
161.600000     0.000036385213615
161.700000     0.000038304211696
161.800000     0.000054211695788
161.900000     0.000034188465812
162.000000     0.000045096454904
162.100000     0.000036713463287
162.200000     0.000038051711948
162.300000     0.000040753459247
162.400000     0.000039718210282
162.500000     0.000040324209676
162.600000     0.000039566710433
162.700000     0.000031713968286
162.800000     0.000031638218362
162.900000     0.000026613473387
163.000000     0.000035981214019
163.100000     0.000035880214120
163.200000     0.000034567215433
163.300000     0.000030274719725
163.400000     0.000037900212100
163.500000     0.000038859711140
163.600000     0.000039718210282
163.700000     0.000029870720129
163.800000     0.000037395212605
163.900000     0.000045247954752
164.000000     0.000030426219574
164.100000     0.000037597212403
164.200000     0.000036713463287
164.300000     0.000036258963741
164.400000     0.000035425714574
164.500000     0.000038102211898
164.600000     0.000039162710837
164.700000     0.000033708716291
164.800000     0.000044667205333
164.900000     0.000042571457429
165.000000     0.000045348954651
165.100000     0.000035400464600
165.200000     0.000038758711241
165.300000     0.000035147964852
165.400000     0.000035122714877
165.500000     0.000033759216241
165.600000     0.000040500959499
165.700000     0.000040955459045
165.800000     0.000032319967680
165.900000     0.000035652964347
166.000000     0.000034870215130
166.100000     0.000034163215837
166.200000     0.000036056963943
166.300000     0.000025275224725
166.400000     0.000035501464499
166.500000     0.000051080698919
166.600000     0.000040046459954
166.700000     0.000034238965761
166.800000     0.000029845470155
166.900000     0.000037672962327
167.000000     0.000041763458237
167.100000     0.000041990708009
167.200000     0.000037268962731
167.300000     0.000047798202202
167.400000     0.000051004948995
167.500000     0.000038884961115
167.600000     0.000041308958691
167.700000     0.000037117462883
167.800000     0.000044490455510
167.900000     0.000036284213716
168.000000     0.000028835471165
168.100000     0.000041056458944
168.200000     0.000039112210888
168.300000     0.000042268457732
168.400000     0.000038102211898
168.500000     0.000033380466620
168.600000     0.000040980709019
168.700000     0.000030148469852
168.800000     0.000036864963135
168.900000     0.000039364710635
169.000000     0.000031511968488
169.100000     0.000043101706898
169.200000     0.000042823957176
169.300000     0.000038809211191
169.400000     0.000034718715281
169.500000     0.000040980709019
169.600000     0.000036233713766
169.700000     0.000027396222604
169.800000     0.000034289465711
169.900000     0.000036814463186
170.000000     0.000042823957176
170.100000     0.000034163215837
170.200000     0.000035299464701
170.300000     0.000034466215534
170.400000     0.000045374204626
170.500000     0.000042091707908
170.600000     0.000031537218463
170.700000     0.000035905464095
170.800000     0.000044212705787
170.900000     0.000025275224725
171.000000     0.000040021209979
171.100000     0.000026562973437
171.200000     0.000032168467832
171.300000     0.000052115947884
171.400000     0.000039389960610
171.500000     0.000036208463792
171.600000     0.000034415715584
171.700000     0.000037319462681
171.800000     0.000042520957479
171.900000     0.000044035955964
172.000000     0.000047621452379
172.100000     0.000045853954146
172.200000     0.000045677204323
172.300000     0.000038632461368
172.400000     0.000032850217150
172.500000     0.000041359458641
172.600000     0.000050424199576
172.700000     0.000038607211393
172.800000     0.000041813958186
172.900000     0.000034844965155
173.000000     0.000044490455510
173.100000     0.000049136450864
173.200000     0.000043278456722
173.300000     0.000042571457429
173.400000     0.000044894455106
173.500000     0.000046560953439
173.600000     0.000043278456722
173.700000     0.000037874962125
173.800000     0.000040576709423
173.900000     0.000046914453086
174.000000     0.000046459953540
174.100000     0.000048606201394
174.200000     0.000039768710231
174.300000     0.000033355216645
174.400000     0.000034062215938
174.500000     0.000038253711746
174.600000     0.000047520452480
174.700000     0.000038935461065
174.800000     0.000045677204323
174.900000     0.000036890213110
175.000000     0.000043076456924
175.100000     0.000043657206343
175.200000     0.000036460963539
175.300000     0.000055600444400
175.400000     0.000047545702454
175.500000     0.000042546207454
175.600000     0.000037167962832
175.700000     0.000052317947682
175.800000     0.000039793960206
175.900000     0.000036132713867
176.000000     0.000035955964044
176.100000     0.000042520957479
176.200000     0.000038859711140
176.300000     0.000041283708716
176.400000     0.000041738208262
176.500000     0.000047747702252
176.600000     0.000042142207858
176.700000     0.000039894960105
176.800000     0.000042066457934
176.900000     0.000056989193011
177.000000     0.000030703969296
177.100000     0.000050929199071
177.200000     0.000037672962327
177.300000     0.000047949702050
177.400000     0.000043455206545
177.500000     0.000047343702656
177.600000     0.000027648722351
177.700000     0.000033304716695
177.800000     0.000048353701646
177.900000     0.000040197959802
178.000000     0.000044136955863
178.100000     0.000034541965458
178.200000     0.000036309463691
178.300000     0.000040803959196
178.400000     0.000042975457025
178.500000     0.000050878699121
178.600000     0.000039768710231
178.700000     0.000042243207757
178.800000     0.000045374204626
178.900000     0.000035072214928
179.000000     0.000043606706393
179.100000     0.000045424704575
179.200000     0.000037041712958
179.300000     0.000039465710534
179.400000     0.000040879709120
179.500000     0.000036965963034
179.600000     0.000031537218463
179.700000     0.000037571962428
179.800000     0.000043808706191
179.900000     0.000046510453490
180.000000     0.000042874457126
180.100000     0.000041308958691
180.200000     0.000040425209575
180.300000     0.000026537723462
180.400000     0.000025199474801
180.500000     0.000039389960610
180.600000     0.000038581961418
180.700000     0.000038834461166
180.800000     0.000047015452985
180.900000     0.000036258963741
181.000000     0.000033935966064
181.100000     0.000048126451874
181.200000     0.000042621957378
181.300000     0.000040803959196
181.400000     0.000034339965660
181.500000     0.000032900717099
181.600000     0.000036258963741
181.700000     0.000044591455409
181.800000     0.000047621452379
181.900000     0.000045247954752
182.000000     0.000038203211797
182.100000     0.000050727199273
182.200000     0.000038405211595
182.300000     0.000036536713463
182.400000     0.000033052216948
182.500000     0.000035349964650
182.600000     0.000046131703868
182.700000     0.000037698212302
182.800000     0.000049565700434
182.900000     0.000044591455409
183.000000     0.000047469952530
183.100000     0.000046485203515
183.200000     0.000036359963640
183.300000     0.000045348954651
183.400000     0.000034188465812
183.500000     0.000052772447228
183.600000     0.000040728209272
183.700000     0.000040071709928
183.800000     0.000045879204121
183.900000     0.000041813958186
184.000000     0.000042849207151
184.100000     0.000034617715382
184.200000     0.000037950712049
184.300000     0.000052444197556
184.400000     0.000036233713766
184.500000     0.000048050701949
184.600000     0.000035728714271
184.700000     0.000034314715685
184.800000     0.000042041207959
184.900000     0.000042621957378
185.000000     0.000031511968488
185.100000     0.000040046459954
185.200000     0.000033961216039
185.300000     0.000035400464600
185.400000     0.000036561963438
185.500000     0.000043783456217
185.600000     0.000035501464499
185.700000     0.000034339965660
185.800000     0.000052949197051
185.900000     0.000038985961014
186.000000     0.000039692960307
186.100000     0.000035299464701
186.200000     0.000032521967478
186.300000     0.000042899707100
186.400000     0.000053656196344
186.500000     0.000055347944652
186.600000     0.000048176951823
186.700000     0.000040096959903
186.800000     0.000050929199071
186.900000     0.000045071204929
187.000000     0.000050323199677
187.100000     0.000038884961115
187.200000     0.000043404706595
187.300000     0.000037041712958
187.400000     0.000035779214221
187.500000     0.000038935461065
187.600000     0.000042066457934
187.700000     0.000042748207252
187.800000     0.000039920210080
187.900000     0.000039465710534
188.000000     0.000032976467024
188.100000     0.000034769215231
188.200000     0.000035501464499
188.300000     0.000039389960610
188.400000     0.000034642965357
188.500000     0.000042849207151
188.600000     0.000033961216039
188.700000     0.000038859711140
188.800000     0.000041763458237
188.900000     0.000037900212100
189.000000     0.000042470457530
189.100000     0.000042369457631
189.200000     0.000035198464802
189.300000     0.000040677709322
189.400000     0.000035955964044
189.500000     0.000039516210484
189.600000     0.000034541965458
189.700000     0.000035854964145
189.800000     0.000033935966064
189.900000     0.000046384203616
190.000000     0.000046510453490
190.100000     0.000032799717200
190.200000     0.000042975457025
190.300000     0.000043934956065
190.400000     0.000050348449652
190.500000     0.000037647712352
190.600000     0.000052469447531
190.700000     0.000040298959701
190.800000     0.000041081708918
190.900000     0.000038607211393
191.000000     0.000057342692657
191.100000     0.000035627714372
191.200000     0.000039819210181
191.300000     0.000036511463489
191.400000     0.000050247449753
191.500000     0.000039465710534
191.600000     0.000043985456015
191.700000     0.000042470457530
191.800000     0.000033430966569
191.900000     0.000044566205434
192.000000     0.000043076456924
192.100000     0.000037167962832
192.200000     0.000043303706696
192.300000     0.000043631956368
192.400000     0.000036991213009
192.500000     0.000047469952530
192.600000     0.000028633471367
192.700000     0.000049060700939
192.800000     0.000048883951116
192.900000     0.000043354206646
193.000000     0.000037647712352
193.100000     0.000047192202808
193.200000     0.000055928694071
193.300000     0.000039667710332
193.400000     0.000036511463489
193.500000     0.000046737703262
193.600000     0.000037470962529
193.700000     0.000038329461671
193.800000     0.000043101706898
193.900000     0.000041207958792
194.000000     0.000042116957883
194.100000     0.000039743460257
194.200000     0.000036814463186
194.300000     0.000028355721644
194.400000     0.000039894960105
194.500000     0.000047671952328
194.600000     0.000040803959196
194.700000     0.000033708716291
194.800000     0.000047848702151
194.900000     0.000045828704171
195.000000     0.000035223714776
195.100000     0.000043429956570
195.200000     0.000047596202404
195.300000     0.000046030703969
195.400000     0.000045853954146
195.500000     0.000034541965458
195.600000     0.000050752449248
195.700000     0.000037824462176
195.800000     0.000030325219675
195.900000     0.000037521462479
196.000000     0.000039566710433
196.100000     0.000042520957479
196.200000     0.000033582466418
196.300000     0.000034870215130
196.400000     0.000035274214726
196.500000     0.000044490455510
196.600000     0.000053782446218
196.700000     0.000047848702151
196.800000     0.000038455711544
196.900000     0.000047621452379
197.000000     0.000043177456823
197.100000     0.000029567720432
197.200000     0.000041990708009
197.300000     0.000032092717907
197.400000     0.000038758711241
197.500000     0.000040879709120
197.600000     0.000036157963842
197.700000     0.000041132208868
197.800000     0.000039263710736
197.900000     0.000040122209878
198.000000     0.000034971215029
198.100000     0.000041132208868
198.200000     0.000036258963741
198.300000     0.000032193717806
198.400000     0.000040399959600
198.500000     0.000040399959600
198.600000     0.000037698212302
198.700000     0.000029542470458
198.800000     0.000040248459752
198.900000     0.000046611453389
199.000000     0.000037900212100
199.100000     0.000036587213413
199.200000     0.000037874962125
199.300000     0.000044086455914
199.400000     0.000040980709019
199.500000     0.000035021714978
199.600000     0.000029744470256
199.700000     0.000038809211191
199.800000     0.000034036965963
199.900000     0.000047697202303
