0.000000     0.000030880719119
0.100000     0.000028279971720
0.200000     0.000040627209373
0.300000     0.000033178466822
0.400000     0.000035223714776
0.500000     0.000030577719422
0.600000     0.000032143217857
0.700000     0.000035501464499
0.800000     0.000039011210989
0.900000     0.000037092212908
1.000000     0.000026032723967
1.100000     0.000036334713665
1.200000     0.000038405211595
1.300000     0.000041056458944
1.400000     0.000039339460661
1.500000     0.000029719220281
1.600000     0.000030804969195
1.700000     0.000033430966569
1.800000     0.000032925967074
1.900000     0.000030224219776
2.000000     0.000043152206848
2.100000     0.000021714978285
2.200000     0.000041056458944
2.300000     0.000037142712857
2.400000     0.000035678214322
2.500000     0.000033481466519
2.600000     0.000041864458136
2.700000     0.000041611958388
2.800000     0.000034011715988
2.900000     0.000036183213817
3.000000     0.000032900717099
3.100000     0.000044187455813
3.200000     0.000038076961923
3.300000     0.000039086960913
3.400000     0.000048959701040
3.500000     0.000040980709019
3.600000     0.000033430966569
3.700000     0.000040803959196
3.800000     0.000032622967377
3.900000     0.000033001716998
4.000000     0.000028860721139
4.100000     0.000032648217352
4.200000     0.000029340470660
4.300000     0.000038859711140
4.400000     0.000023987476013
4.500000     0.000030653469347
4.600000     0.000037445712554
4.700000     0.000031941218059
4.800000     0.000032597717402
4.900000     0.000045247954752
5.000000     0.000048328451672
5.100000     0.000021184728815
5.200000     0.000039819210181
5.300000     0.000036763963236
5.400000     0.000048151701848
5.500000     0.000036385213615
5.600000     0.000038758711241
5.700000     0.000039819210181
5.800000     0.000035779214221
5.900000     0.000042520957479
6.000000     0.000032067467933
6.100000     0.000031890718109
6.200000     0.000041940208060
6.300000     0.000032547217453
6.400000     0.000035450964549
6.500000     0.000034466215534
6.600000     0.000040046459954
6.700000     0.000032648217352
6.800000     0.000049414200586
6.900000     0.000026562973437
7.000000     0.000035551964448
7.100000     0.000044212705787
7.200000     0.000032269467731
7.300000     0.000037041712958
7.400000     0.000029138470862
7.500000     0.000035627714372
7.600000     0.000033935966064
7.700000     0.000040324209676
7.800000     0.000037344712655
7.900000     0.000036082213918
8.000000     0.000046005453995
8.100000     0.000036991213009
8.200000     0.000032446217554
8.300000     0.000042495707504
8.400000     0.000032218967781
8.500000     0.000036183213817
8.600000     0.000032900717099
8.700000     0.000033557216443
8.800000     0.000028759721240
8.900000     0.000026790223210
9.000000     0.000035021714978
9.100000     0.000046384203616
9.200000     0.000031890718109
9.300000     0.000029315220685
9.400000     0.000024896475104
9.500000     0.000037975962024
9.600000     0.000035375214625
9.700000     0.000038657711342
9.800000     0.000033885466115
9.900000     0.000039768710231
10.000000     0.000033809716190
10.100000     0.000030931219069
10.200000     0.000039768710231
10.300000     0.000033001716998
10.400000     0.000029567720432
10.500000     0.000030754469246
10.600000     0.000024416725583
10.700000     0.000029062720937
10.800000     0.000039415210585
10.900000     0.000034087465913
11.000000     0.000031814968185
11.100000     0.000032446217554
11.200000     0.000031941218059
11.300000     0.000038455711544
11.400000     0.000033329966670
11.500000     0.000038708211292
11.600000     0.000029719220281
11.700000     0.000038177961822
11.800000     0.000034920715079
11.900000     0.000032723967276
12.000000     0.000030400969599
12.100000     0.000034011715988
12.200000     0.000045525704474
12.300000     0.000035147964852
12.400000     0.000030628219372
12.500000     0.000035425714574
12.600000     0.000043227956772
12.700000     0.000036056963943
12.800000     0.000040955459045
12.900000     0.000036991213009
13.000000     0.000040071709928
13.100000     0.000028582971417
13.200000     0.000028380971619
13.300000     0.000034289465711
13.400000     0.000038834461166
13.500000     0.000034567215433
13.600000     0.000027017472983
13.700000     0.000034213715786
13.800000     0.000031006968993
13.900000     0.000041409958590
14.000000     0.000039920210080
14.100000     0.000040930209070
14.200000     0.000032218967781
14.300000     0.000026916473084
14.400000     0.000028911221089
14.500000     0.000035829714170
14.600000     0.000032900717099
14.700000     0.000032925967074
14.800000     0.000036410463590
14.900000     0.000035223714776
15.000000     0.000037496212504
15.100000     0.000033481466519
15.200000     0.000036713463287
15.300000     0.000038228461772
15.400000     0.000045071204929
15.500000     0.000032420967579
15.600000     0.000037142712857
15.700000     0.000037571962428
15.800000     0.000032471467529
15.900000     0.000029921220079
16.000000     0.000030148469852
16.100000     0.000036662963337
16.200000     0.000030426219574
16.300000     0.000042722957277
16.400000     0.000037849712150
16.500000     0.000032016967983
16.600000     0.000030804969195
16.700000     0.000039112210888
16.800000     0.000027017472983
16.900000     0.000033329966670
17.000000     0.000040021209979
17.100000     0.000037218462782
17.200000     0.000043101706898
17.300000     0.000038455711544
17.400000     0.000035248964751
17.500000     0.000037622462378
17.600000     0.000035526714473
17.700000     0.000038228461772
17.800000     0.000030123219877
17.900000     0.000042394707605
18.000000     0.000038834461166
18.100000     0.000049969700030
18.200000     0.000046788203212
18.300000     0.000045475204525
18.400000     0.000034844965155
18.500000     0.000036965963034
18.600000     0.000038859711140
18.700000     0.000033178466822
18.800000     0.000032042217958
18.900000     0.000033456216544
19.000000     0.000040172709827
19.100000     0.000046990203010
19.200000     0.000032345217655
19.300000     0.000041157458843
19.400000     0.000041738208262
19.500000     0.000027269972730
19.600000     0.000038152711847
19.700000     0.000037193212807
19.800000     0.000033582466418
19.900000     0.000032774467226
20.000000     0.000042697707302
20.100000     0.000046283203717
20.200000     0.000041510958489
20.300000     0.000035097464903
20.400000     0.000029618220382
20.500000     0.000029188970811
20.600000     0.000042647207353
20.700000     0.000050222199778
20.800000     0.000039819210181
20.900000     0.000033557216443
21.000000     0.000041864458136
21.100000     0.000042571457429
21.200000     0.000038127461873
21.300000     0.000043126956873
21.400000     0.000037395212605
21.500000     0.000039591960408
21.600000     0.000032698717301
21.700000     0.000038531461469
21.800000     0.000040728209272
21.900000     0.000032370467630
22.000000     0.000039364710635
22.100000     0.000032244217756
22.200000     0.000045651954348
22.300000     0.000031360468640
22.400000     0.000032597717402
22.500000     0.000034365215635
22.600000     0.000048101201899
22.700000     0.000034516715483
22.800000     0.000049767700232
22.900000     0.000054312695687
23.000000     0.000035501464499
23.100000     0.000043833956166
23.200000     0.000031612968387
23.300000     0.000037218462782
23.400000     0.000031966468034
23.500000     0.000040046459954
23.600000     0.000038506211494
23.700000     0.000032900717099
23.800000     0.000038379961620
23.900000     0.000034567215433
24.000000     0.000029719220281
24.100000     0.000028986971013
24.200000     0.000031840218160
24.300000     0.000036561963438
24.400000     0.000034592465408
24.500000     0.000034617715382
24.600000     0.000035198464802
24.700000     0.000046990203010
24.800000     0.000037344712655
24.900000     0.000042571457429
25.000000     0.000039995960004
25.100000     0.000036536713463
25.200000     0.000032648217352
25.300000     0.000032749217251
25.400000     0.000032496717503
25.500000     0.000033834966165
25.600000     0.000027497222503
25.700000     0.000033632966367
25.800000     0.000040854459146
25.900000     0.000042268457732
26.000000     0.000044919705080
26.100000     0.000047217452783
26.200000     0.000026386223614
26.300000     0.000028279971720
26.400000     0.000028052721947
26.500000     0.000033784466216
26.600000     0.000027219472781
26.700000     0.000035829714170
26.800000     0.000040273709726
26.900000     0.000032875467125
27.000000     0.000030552469448
27.100000     0.000031335218665
27.200000     0.000033481466519
27.300000     0.000027042722957
27.400000     0.000030653469347
27.500000     0.000033658216342
27.600000     0.000041763458237
27.700000     0.000037218462782
27.800000     0.000038910211090
27.900000     0.000029087970912
28.000000     0.000029188970811
28.100000     0.000035551964448
28.200000     0.000034213715786
28.300000     0.000029820220180
28.400000     0.000036157963842
28.500000     0.000040980709019
28.600000     0.000034339965660
28.700000     0.000033885466115
28.800000     0.000025956974043
28.900000     0.000036965963034
29.000000     0.000031713968286
29.100000     0.000031410968589
29.200000     0.000047848702151
29.300000     0.000029037470963
29.400000     0.000029996970003
29.500000     0.000032850217150
29.600000     0.000040021209979
29.700000     0.000022825977174
29.800000     0.000029390970609
29.900000     0.000035602464398
30.000000     0.000030375719624
30.100000     0.000039187960812
30.200000     0.000025855974144
30.300000     0.000033733966266
30.400000     0.000030198969801
30.500000     0.000029971720028
30.600000     0.000037445712554
30.700000     0.000029138470862
30.800000     0.000028986971013
30.900000     0.000029794970205
31.000000     0.000026562973437
31.100000     0.000029744470256
31.200000     0.000031183718816
31.300000     0.000033178466822
31.400000     0.000029895970104
31.500000     0.000040021209979
31.600000     0.000030855469145
31.700000     0.000035981214019
31.800000     0.000027244722755
31.900000     0.000031587718412
32.000000     0.000029719220281
32.100000     0.000031385718614
32.200000     0.000033026966973
32.300000     0.000035349964650
32.400000     0.000035652964347
32.500000     0.000038001211999
32.600000     0.000027345722654
32.700000     0.000035147964852
32.800000     0.000025931724068
32.900000     0.000028961721038
33.000000     0.000027219472781
33.100000     0.000041056458944
33.200000     0.000038278961721
33.300000     0.000028507221493
33.400000     0.000029315220685
33.500000     0.000036940713059
33.600000     0.000032168467832
33.700000     0.000021815978184
33.800000     0.000027421472579
33.900000     0.000024315725684
34.000000     0.000034895465105
34.100000     0.000030451469549
34.200000     0.000031234218766
34.300000     0.000026512473488
34.400000     0.000046030703969
34.500000     0.000035678214322
34.600000     0.000028608221392
34.700000     0.000026537723462
34.800000     0.000033405716594
34.900000     0.000031511968488
35.000000     0.000031385718614
35.100000     0.000033885466115
35.200000     0.000026916473084
35.300000     0.000040450459550
35.400000     0.000029643470357
35.500000     0.000026790223210
35.600000     0.000039490960509
35.700000     0.000026941723058
35.800000     0.000035400464600
35.900000     0.000037521462479
36.000000     0.000038329461671
36.100000     0.000034390465610
36.200000     0.000036284213716
36.300000     0.000032471467529
36.400000     0.000037395212605
36.500000     0.000029390970609
36.600000     0.000038657711342
36.700000     0.000029996970003
36.800000     0.000029289970710
36.900000     0.000033127966872
37.000000     0.000031840218160
37.100000     0.000042924957075
37.200000     0.000034718715281
37.300000     0.000038859711140
37.400000     0.000030047469953
37.500000     0.000034693465307
37.600000     0.000036713463287
37.700000     0.000027825472175
37.800000     0.000039162710837
37.900000     0.000034062215938
38.000000     0.000040273709726
38.100000     0.000032471467529
38.200000     0.000028153721846
38.300000     0.000033910716089
38.400000     0.000030476719523
38.500000     0.000036839713160
38.600000     0.000034112715887
38.700000     0.000045879204121
38.800000     0.000038708211292
38.900000     0.000028961721038
39.000000     0.000034011715988
39.100000     0.000031890718109
39.200000     0.000038607211393
39.300000     0.000032900717099
39.400000     0.000028936471064
39.500000     0.000037092212908
39.600000     0.000033026966973
39.700000     0.000042823957176
39.800000     0.000036107463893
39.900000     0.000039112210888
40.000000     0.000023659226341
40.100000     0.000042419957580
40.200000     0.000030956469044
40.300000     0.000038480961519
40.400000     0.000040475709524
40.500000     0.000043783456217
40.600000     0.000038278961721
40.700000     0.000043732956267
40.800000     0.000033935966064
40.900000     0.000028330471670
41.000000     0.000033228966771
41.100000     0.000025881224119
41.200000     0.000030501969498
41.300000     0.000027143722856
41.400000     0.000033935966064
41.500000     0.000028885971114
41.600000     0.000033935966064
41.700000     0.000031814968185
41.800000     0.000035147964852
41.900000     0.000032875467125
42.000000     0.000036082213918
42.100000     0.000031915968084
42.200000     0.000041308958691
42.300000     0.000040223209777
42.400000     0.000036940713059
42.500000     0.000039920210080
42.600000     0.000040778709221
42.700000     0.000035021714978
42.800000     0.000035804464196
42.900000     0.000033355216645
43.000000     0.000033203716796
43.100000     0.000042874457126
43.200000     0.000030956469044
43.300000     0.000035198464802
43.400000     0.000031410968589
43.500000     0.000026790223210
43.600000     0.000029769720230
43.700000     0.000027067972932
43.800000     0.000041233208767
43.900000     0.000030703969296
44.000000     0.000034137965862
44.100000     0.000040046459954
44.200000     0.000031991718008
44.300000     0.000043758206242
44.400000     0.000038026461974
44.500000     0.000048580951419
44.600000     0.000034314715685
44.700000     0.000029820220180
44.800000     0.000039137460863
44.900000     0.000033405716594
45.000000     0.000036688213312
45.100000     0.000032446217554
45.200000     0.000039743460257
45.300000     0.000031865468135
45.400000     0.000036006463994
45.500000     0.000028305221695
45.600000     0.000042849207151
45.700000     0.000031537218463
45.800000     0.000035173214827
45.900000     0.000028507221493
46.000000     0.000041005958994
46.100000     0.000039869710130
46.200000     0.000037571962428
46.300000     0.000034137965862
46.400000     0.000029693970306
46.500000     0.000030981719018
46.600000     0.000033178466822
46.700000     0.000027901222099
46.800000     0.000034390465610
46.900000     0.000035223714776
47.000000     0.000030501969498
47.100000     0.000039617210383
47.200000     0.000028481971518
47.300000     0.000029946470054
47.400000     0.000034062215938
47.500000     0.000037975962024
47.600000     0.000036814463186
47.700000     0.000036183213817
47.800000     0.000030653469347
47.900000     0.000033052216948
48.000000     0.000032168467832
48.100000     0.000031840218160
48.200000     0.000031436218564
48.300000     0.000039920210080
48.400000     0.000045929704070
48.500000     0.000035476214524
48.600000     0.000027017472983
48.700000     0.000024542975457
48.800000     0.000031663468337
48.900000     0.000039718210282
49.000000     0.000041384708615
49.100000     0.000031486718513
49.200000     0.000038127461873
49.300000     0.000030855469145
49.400000     0.000038051711948
49.500000     0.000032976467024
49.600000     0.000028608221392
49.700000     0.000034642965357
49.800000     0.000035274214726
49.900000     0.000042344207656
50.000000     0.000032850217150
50.100000     0.000029618220382
50.200000     0.000033733966266
50.300000     0.000028103221897
50.400000     0.000052999697000
50.500000     0.000028431471569
50.600000     0.000035779214221
50.700000     0.000036258963741
50.800000     0.000023179476821
50.900000     0.000035147964852
51.000000     0.000032117967882
51.100000     0.000037546712453
51.200000     0.000029239470761
51.300000     0.000030097969902
51.400000     0.000036637713362
51.500000     0.000035223714776
51.600000     0.000027093222907
51.700000     0.000031966468034
51.800000     0.000027522472478
51.900000     0.000036511463489
52.000000     0.000034062215938
52.100000     0.000039995960004
52.200000     0.000022447227553
52.300000     0.000037470962529
52.400000     0.000035173214827
52.500000     0.000035400464600
52.600000     0.000035072214928
52.700000     0.000026461973538
52.800000     0.000035198464802
52.900000     0.000032218967781
53.000000     0.000032799717200
53.100000     0.000030249469751
53.200000     0.000037975962024
53.300000     0.000032572467428
53.400000     0.000038708211292
53.500000     0.000037294212706
53.600000     0.000037698212302
53.700000     0.000040753459247
53.800000     0.000024946975053
53.900000     0.000031208968791
54.000000     0.000034743965256
54.100000     0.000032824967175
54.200000     0.000039364710635
54.300000     0.000031537218463
54.400000     0.000027370972629
54.500000     0.000033935966064
54.600000     0.000027724472276
54.700000     0.000031587718412
54.800000     0.000033329966670
54.900000     0.000029138470862
55.000000     0.000030072719927
55.100000     0.000031915968084
55.200000     0.000037470962529
55.300000     0.000031461468539
55.400000     0.000030375719624
55.500000     0.000032168467832
55.600000     0.000031764468236
55.700000     0.000029390970609
55.800000     0.000021437228563
55.900000     0.000039465710534
56.000000     0.000028835471165
56.100000     0.000032850217150
56.200000     0.000032269467731
56.300000     0.000025931724068
56.400000     0.000032244217756
56.500000     0.000033203716796
56.600000     0.000019896980103
56.700000     0.000021361478639
56.800000     0.000033986466014
56.900000     0.000037142712857
57.000000     0.000028178971821
57.100000     0.000035223714776
57.200000     0.000031764468236
57.300000     0.000033531966468
57.400000     0.000033380466620
57.500000     0.000031915968084
57.600000     0.000030779719220
57.700000     0.000028860721139
57.800000     0.000031814968185
57.900000     0.000031284718715
58.000000     0.000028330471670
58.100000     0.000024315725684
58.200000     0.000034415715584
58.300000     0.000036763963236
58.400000     0.000032774467226
58.500000     0.000040930209070
58.600000     0.000035072214928
58.700000     0.000018962731037
58.800000     0.000026714473286
58.900000     0.000026966973033
59.000000     0.000035072214928
59.100000     0.000029012220988
59.200000     0.000032925967074
59.300000     0.000026360973639
59.400000     0.000032875467125
59.500000     0.000038733461267
59.600000     0.000028456721543
59.700000     0.000031562468438
59.800000     0.000024568225432
59.900000     0.000036258963741
60.000000     0.000024214725785
60.100000     0.000036864963135
60.200000     0.000037193212807
60.300000     0.000034541965458
60.400000     0.000039566710433
60.500000     0.000036082213918
60.600000     0.000035425714574
60.700000     0.000026966973033
60.800000     0.000027901222099
60.900000     0.000033935966064
61.000000     0.000032749217251
61.100000     0.000030173719826
61.200000     0.000032521967478
61.300000     0.000039945460055
61.400000     0.000037142712857
61.500000     0.000029491970508
61.600000     0.000038203211797
61.700000     0.000038556711443
61.800000     0.000038859711140
61.900000     0.000034238965761
62.000000     0.000039339460661
62.100000     0.000038708211292
62.200000     0.000038506211494
62.300000     0.000031840218160
62.400000     0.000033077466923
62.500000     0.000031789718210
62.600000     0.000034819715180
62.700000     0.000033279466721
62.800000     0.000038632461368
62.900000     0.000037193212807
63.000000     0.000027497222503
63.100000     0.000051181698818
63.200000     0.000033052216948
63.300000     0.000028305221695
63.400000     0.000023482476518
63.500000     0.000033910716089
63.600000     0.000032244217756
63.700000     0.000024214725785
63.800000     0.000035299464701
63.900000     0.000035274214726
64.000000     0.000038253711746
64.100000     0.000026310473690
64.200000     0.000040829209171
64.300000     0.000038203211797
64.400000     0.000046510453490
64.500000     0.000033658216342
64.600000     0.000033506716493
64.700000     0.000038102211898
64.800000     0.000033733966266
64.900000     0.000036233713766
65.000000     0.000035147964852
65.100000     0.000038834461166
65.200000     0.000045778204222
65.300000     0.000033077466923
65.400000     0.000036839713160
65.500000     0.000037571962428
65.600000     0.000034567215433
65.700000     0.000034895465105
65.800000     0.000040854459146
65.900000     0.000048934451066
66.000000     0.000032951217049
66.100000     0.000031284718715
66.200000     0.000035577214423
66.300000     0.000034011715988
66.400000     0.000027421472579
66.500000     0.000041738208262
66.600000     0.000031991718008
66.700000     0.000032294717705
66.800000     0.000041132208868
66.900000     0.000038076961923
67.000000     0.000029365720634
67.100000     0.000045601454399
67.200000     0.000035627714372
67.300000     0.000034971215029
67.400000     0.000027143722856
67.500000     0.000040298959701
67.600000     0.000037647712352
67.700000     0.000035450964549
67.800000     0.000038834461166
67.900000     0.000038102211898
68.000000     0.000036107463893
68.100000     0.000037597212403
68.200000     0.000032420967579
68.300000     0.000036713463287
68.400000     0.000034264215736
68.500000     0.000031941218059
68.600000     0.000030552469448
68.700000     0.000042975457025
68.800000     0.000034087465913
68.900000     0.000036208463792
69.000000     0.000031612968387
69.100000     0.000036839713160
69.200000     0.000033733966266
69.300000     0.000044717705282
69.400000     0.000040172709827
69.500000     0.000035627714372
69.600000     0.000042445207555
69.700000     0.000029441470559
69.800000     0.000037849712150
69.900000     0.000047495202505
70.000000     0.000037016462984
70.100000     0.000036309463691
70.200000     0.000031057468943
70.300000     0.000023406726593
70.400000     0.000041510958489
70.500000     0.000038682961317
70.600000     0.000039516210484
70.700000     0.000034870215130
70.800000     0.000034390465610
70.900000     0.000035905464095
71.000000     0.000024416725583
71.100000     0.000033885466115
71.200000     0.000038480961519
71.300000     0.000039844460156
71.400000     0.000035147964852
71.500000     0.000039844460156
71.600000     0.000033279466721
71.700000     0.000033582466418
71.800000     0.000038455711544
71.900000     0.000035400464600
72.000000     0.000036183213817
72.100000     0.000040475709524
72.200000     0.000036435713564
72.300000     0.000043202706797
72.400000     0.000040955459045
72.500000     0.000042369457631
72.600000     0.000045980204020
72.700000     0.000032168467832
72.800000     0.000034415715584
72.900000     0.000042015957984
73.000000     0.000032016967983
73.100000     0.000036738713261
73.200000     0.000032850217150
73.300000     0.000036031713968
73.400000     0.000046156953843
73.500000     0.000035880214120
73.600000     0.000027042722957
73.700000     0.000035400464600
73.800000     0.000037496212504
73.900000     0.000033607716392
74.000000     0.000040930209070
74.100000     0.000026234723765
74.200000     0.000038253711746
74.300000     0.000041460458540
74.400000     0.000029239470761
74.500000     0.000038607211393
74.600000     0.000032092717907
74.700000     0.000036890213110
74.800000     0.000029062720937
74.900000     0.000022093727906
75.000000     0.000039314210686
75.100000     0.000027471972528
75.200000     0.000031890718109
75.300000     0.000034238965761
75.400000     0.000033885466115
75.500000     0.000038127461873
75.600000     0.000035854964145
75.700000     0.000034769215231
75.800000     0.000033809716190
75.900000     0.000034920715079
76.000000     0.000034491465509
76.100000     0.000033127966872
76.200000     0.000030577719422
76.300000     0.000020351479649
76.400000     0.000040298959701
76.500000     0.000032016967983
76.600000     0.000035880214120
76.700000     0.000031663468337
76.800000     0.000045500454500
76.900000     0.000034945965054
77.000000     0.000044465205535
77.100000     0.000031436218564
77.200000     0.000032521967478
77.300000     0.000035829714170
77.400000     0.000031663468337
77.500000     0.000038935461065
77.600000     0.000035021714978
77.700000     0.000037092212908
77.800000     0.000022573477427
77.900000     0.000035122714877
78.000000     0.000039011210989
78.100000     0.000033607716392
78.200000     0.000034390465610
78.300000     0.000030779719220
78.400000     0.000032824967175
78.500000     0.000032749217251
78.600000     0.000029365720634
78.700000     0.000023002726997
78.800000     0.000025956974043
78.900000     0.000041864458136
79.000000     0.000033733966266
79.100000     0.000037369962630
79.200000     0.000027749722250
79.300000     0.000035804464196
79.400000     0.000025754974245
79.500000     0.000029289970710
79.600000     0.000034491465509
79.700000     0.000042899707100
79.800000     0.000024265225735
79.900000     0.000033607716392
80.000000     0.000025653974346
80.100000     0.000035678214322
80.200000     0.000027143722856
80.300000     0.000038910211090
80.400000     0.000028204221796
80.500000     0.000038253711746
80.600000     0.000031915968084
80.700000     0.000033910716089
80.800000     0.000030552469448
80.900000     0.000033809716190
81.000000     0.000028784971215
81.100000     0.000033733966266
81.200000     0.000037799212201
81.300000     0.000038708211292
81.400000     0.000025098474902
81.500000     0.000038455711544
81.600000     0.000033203716796
81.700000     0.000035981214019
81.800000     0.000030350469650
81.900000     0.000024340975659
82.000000     0.000040298959701
82.100000     0.000032799717200
82.200000     0.000027017472983
82.300000     0.000029895970104
82.400000     0.000036460963539
82.500000     0.000028355721644
82.600000     0.000038531461469
82.700000     0.000030375719624
82.800000     0.000024340975659
82.900000     0.000034794465206
83.000000     0.000025073224927
83.100000     0.000030097969902
83.200000     0.000042192707807
83.300000     0.000026259973740
83.400000     0.000031057468943
83.500000     0.000039465710534
83.600000     0.000027093222907
83.700000     0.000030931219069
83.800000     0.000031713968286
83.900000     0.000031234218766
84.000000     0.000039566710433
84.100000     0.000037874962125
84.200000     0.000046788203212
84.300000     0.000034238965761
84.400000     0.000048479951520
84.500000     0.000027623472377
84.600000     0.000027345722654
84.700000     0.000035425714574
84.800000     0.000029416220584
84.900000     0.000025830724169
85.000000     0.000027295222705
85.100000     0.000029794970205
85.200000     0.000023558226442
85.300000     0.000027067972932
85.400000     0.000028658721341
85.500000     0.000035425714574
85.600000     0.000038809211191
85.700000     0.000035753964246
85.800000     0.000037773962226
85.900000     0.000033582466418
86.000000     0.000034491465509
86.100000     0.000030097969902
86.200000     0.000039364710635
86.300000     0.000027901222099
86.400000     0.000031486718513
86.500000     0.000032774467226
86.600000     0.000039516210484
86.700000     0.000024542975457
86.800000     0.000034617715382
86.900000     0.000035198464802
87.000000     0.000029870720129
87.100000     0.000032143217857
87.200000     0.000036056963943
87.300000     0.000033228966771
87.400000     0.000031133218867
87.500000     0.000045399454601
87.600000     0.000026790223210
87.700000     0.000035703464297
87.800000     0.000045550954449
87.900000     0.000046611453389
88.000000     0.000042773457227
88.100000     0.000028557721442
88.200000     0.000032218967781
88.300000     0.000040980709019
88.400000     0.000037470962529
88.500000     0.000038657711342
88.600000     0.000034466215534
88.700000     0.000036258963741
88.800000     0.000039011210989
88.900000     0.000038152711847
89.000000     0.000029466720533
89.100000     0.000037672962327
89.200000     0.000041889708110
89.300000     0.000036056963943
89.400000     0.000027572972427
89.500000     0.000025174224826
89.600000     0.000025704474296
89.700000     0.000041687708312
89.800000     0.000037470962529
89.900000     0.000029012220988
90.000000     0.000040601959398
90.100000     0.000032521967478
90.200000     0.000031840218160
90.300000     0.000039389960610
90.400000     0.000038935461065
90.500000     0.000031032218968
90.600000     0.000034743965256
90.700000     0.000045323704676
90.800000     0.000034895465105
90.900000     0.000030198969801
91.000000     0.000033481466519
91.100000     0.000045020704979
91.200000     0.000027901222099
91.300000     0.000034137965862
91.400000     0.000032016967983
91.500000     0.000033733966266
91.600000     0.000034213715786
91.700000     0.000037748712251
91.800000     0.000035223714776
91.900000     0.000036890213110
92.000000     0.000034642965357
92.100000     0.000037521462479
92.200000     0.000023608726391
92.300000     0.000027901222099
92.400000     0.000039213210787
92.500000     0.000048984951015
92.600000     0.000033178466822
92.700000     0.000035678214322
92.800000     0.000037092212908
92.900000     0.000036284213716
93.000000     0.000032420967579
93.100000     0.000033254216746
93.200000     0.000035627714372
93.300000     0.000032597717402
93.400000     0.000026764973235
93.500000     0.000040753459247
93.600000     0.000033860216140
93.700000     0.000031461468539
93.800000     0.000040829209171
93.900000     0.000039112210888
94.000000     0.000035905464095
94.100000     0.000038581961418
94.200000     0.000035021714978
94.300000     0.000030527219473
94.400000     0.000037142712857
94.500000     0.000029820220180
94.600000     0.000029289970710
94.700000     0.000037874962125
94.800000     0.000032042217958
94.900000     0.000042217957782
95.000000     0.000027648722351
95.100000     0.000032850217150
95.200000     0.000040172709827
95.300000     0.000033885466115
95.400000     0.000040778709221
95.500000     0.000030249469751
95.600000     0.000033961216039
95.700000     0.000036940713059
95.800000     0.000024593475407
95.900000     0.000037622462378
96.000000     0.000031688718311
96.100000     0.000033077466923
96.200000     0.000043758206242
96.300000     0.000028002221998
96.400000     0.000037849712150
96.500000     0.000033203716796
96.600000     0.000036536713463
96.700000     0.000030249469751
96.800000     0.000037319462681
96.900000     0.000025982224018
97.000000     0.000031562468438
97.100000     0.000029441470559
97.200000     0.000027093222907
97.300000     0.000030703969296
97.400000     0.000033658216342
97.500000     0.000030754469246
97.600000     0.000037268962731
97.700000     0.000035602464398
97.800000     0.000030703969296
97.900000     0.000042142207858
98.000000     0.000038935461065
98.100000     0.000034087465913
98.200000     0.000032622967377
98.300000     0.000023381476619
98.400000     0.000030729219271
98.500000     0.000023608726391
98.600000     0.000031612968387
98.700000     0.000033052216948
98.800000     0.000048429451571
98.900000     0.000035753964246
99.000000     0.000028330471670
99.100000     0.000037142712857
99.200000     0.000034036965963
99.300000     0.000039819210181
99.400000     0.000029567720432
99.500000     0.000035905464095
99.600000     0.000028279971720
99.700000     0.000027825472175
99.800000     0.000031612968387
99.900000     0.000027168972831
100.000000     0.000037849712150
100.100000     0.000031688718311
100.200000     0.000047798202202
100.300000     0.000028279971720
100.400000     0.000030729219271
100.500000     0.000029794970205
100.600000     0.000033456216544
100.700000     0.000034870215130
100.800000     0.000033658216342
100.900000     0.000024138975861
101.000000     0.000040526209474
101.100000     0.000030198969801
101.200000     0.000035147964852
101.300000     0.000031486718513
101.400000     0.000033178466822
101.500000     0.000038304211696
101.600000     0.000040753459247
101.700000     0.000036460963539
101.800000     0.000027572972427
101.900000     0.000029921220079
102.000000     0.000045374204626
102.100000     0.000039642460358
102.200000     0.000034617715382
102.300000     0.000030451469549
102.400000     0.000026184223816
102.500000     0.000036233713766
102.600000     0.000036763963236
102.700000     0.000025477224523
102.800000     0.000032824967175
102.900000     0.000028355721644
103.000000     0.000042243207757
103.100000     0.000044692455308
103.200000     0.000029416220584
103.300000     0.000026184223816
103.400000     0.000035349964650
103.500000     0.000033203716796
103.600000     0.000032799717200
103.700000     0.000039465710534
103.800000     0.000036789213211
103.900000     0.000032370467630
104.000000     0.000031991718008
104.100000     0.000033759216241
104.200000     0.000037016462984
104.300000     0.000035728714271
104.400000     0.000029719220281
104.500000     0.000026815473185
104.600000     0.000041233208767
104.700000     0.000028204221796
104.800000     0.000036309463691
104.900000     0.000029138470862
105.000000     0.000034062215938
105.100000     0.000029592970407
105.200000     0.000031360468640
105.300000     0.000043404706595
105.400000     0.000041485708514
105.500000     0.000021285728714
105.600000     0.000035450964549
105.700000     0.000032218967781
105.800000     0.000033254216746
105.900000     0.000027926472074
106.000000     0.000034314715685
106.100000     0.000035981214019
106.200000     0.000029163720836
106.300000     0.000029138470862
106.400000     0.000031537218463
106.500000     0.000024290475710
106.600000     0.000035602464398
106.700000     0.000029971720028
106.800000     0.000024744975255
106.900000     0.000025527724472
107.000000     0.000040021209979
107.100000     0.000031713968286
107.200000     0.000031284718715
107.300000     0.000041233208767
107.400000     0.000034642965357
107.500000     0.000033885466115
107.600000     0.000030628219372
107.700000     0.000034264215736
107.800000     0.000022724977275
107.900000     0.000032395717604
108.000000     0.000023835976164
108.100000     0.000030249469751
108.200000     0.000035349964650
108.300000     0.000037799212201
108.400000     0.000034036965963
108.500000     0.000028810221190
108.600000     0.000037496212504
108.700000     0.000033809716190
108.800000     0.000042596707403
108.900000     0.000035728714271
109.000000     0.000033834966165
109.100000     0.000030804969195
109.200000     0.000036763963236
109.300000     0.000036334713665
109.400000     0.000030880719119
109.500000     0.000038430461570
109.600000     0.000031587718412
109.700000     0.000034516715483
109.800000     0.000038834461166
109.900000     0.000037748712251
110.000000     0.000038354711645
110.100000     0.000028380971619
110.200000     0.000047419452581
110.300000     0.000038834461166
110.400000     0.000034743965256
110.500000     0.000028759721240
110.600000     0.000038657711342
110.700000     0.000034491465509
110.800000     0.000037900212100
110.900000     0.000029188970811
111.000000     0.000033658216342
111.100000     0.000042369457631
111.200000     0.000033254216746
111.300000     0.000035274214726
111.400000     0.000045348954651
111.500000     0.000047671952328
111.600000     0.000036082213918
111.700000     0.000037395212605
111.800000     0.000028986971013
111.900000     0.000028759721240
112.000000     0.000025552974447
112.100000     0.000023911726088
112.200000     0.000030552469448
112.300000     0.000042167457833
112.400000     0.000040096959903
112.500000     0.000033355216645
112.600000     0.000038455711544
112.700000     0.000035526714473
112.800000     0.000042950207050
112.900000     0.000036738713261
113.000000     0.000032092717907
113.100000     0.000034163215837
113.200000     0.000030779719220
113.300000     0.000047520452480
113.400000     0.000036688213312
113.500000     0.000035703464297
113.600000     0.000038809211191
113.700000     0.000039187960812
113.800000     0.000038354711645
113.900000     0.000048429451571
114.000000     0.000038127461873
114.100000     0.000042243207757
114.200000     0.000046788203212
114.300000     0.000033203716796
114.400000     0.000043732956267
114.500000     0.000036612463388
114.600000     0.000026158973841
114.700000     0.000034844965155
114.800000     0.000040349459651
114.900000     0.000033986466014
115.000000     0.000033683466317
115.100000     0.000033910716089
115.200000     0.000046257953742
115.300000     0.000031309968690
115.400000     0.000034844965155
115.500000     0.000036208463792
115.600000     0.000033733966266
115.700000     0.000038379961620
115.800000     0.000033355216645
115.900000     0.000036056963943
116.000000     0.000036031713968
116.100000     0.000034188465812
116.200000     0.000036511463489
116.300000     0.000038203211797
116.400000     0.000031612968387
116.500000     0.000036864963135
116.600000     0.000037571962428
116.700000     0.000043101706898
116.800000     0.000033329966670
116.900000     0.000033860216140
117.000000     0.000035400464600
117.100000     0.000046939703060
117.200000     0.000039869710130
117.300000     0.000034516715483
117.400000     0.000045601454399
117.500000     0.000046131703868
117.600000     0.000043354206646
117.700000     0.000043859206141
117.800000     0.000040475709524
117.900000     0.000042470457530
118.000000     0.000027951722048
118.100000     0.000040248459752
118.200000     0.000038682961317
118.300000     0.000034541965458
118.400000     0.000030249469751
118.500000     0.000034945965054
118.600000     0.000032875467125
118.700000     0.000041586708413
118.800000     0.000030830219170
118.900000     0.000038632461368
119.000000     0.000037218462782
119.100000     0.000036839713160
119.200000     0.000044364205636
119.300000     0.000037041712958
119.400000     0.000038985961014
119.500000     0.000038278961721
119.600000     0.000038884961115
119.700000     0.000038682961317
119.800000     0.000037900212100
119.900000     0.000029870720129
120.000000     0.000029820220180
120.100000     0.000038127461873
120.200000     0.000027118472882
120.300000     0.000041081708918
120.400000     0.000034112715887
120.500000     0.000039667710332
120.600000     0.000039642460358
120.700000     0.000037369962630
120.800000     0.000032622967377
120.900000     0.000035955964044
121.000000     0.000041864458136
121.100000     0.000041081708918
121.200000     0.000039970710029
121.300000     0.000030678719321
121.400000     0.000033430966569
121.500000     0.000036385213615
121.600000     0.000035198464802
121.700000     0.000046838703161
121.800000     0.000034718715281
121.900000     0.000037571962428
122.000000     0.000039213210787
122.100000     0.000039743460257
122.200000     0.000035854964145
122.300000     0.000039516210484
122.400000     0.000039642460358
122.500000     0.000042798707201
122.600000     0.000040096959903
122.700000     0.000043631956368
122.800000     0.000030375719624
122.900000     0.000038708211292
123.000000     0.000028305221695
123.100000     0.000039566710433
123.200000     0.000038076961923
123.300000     0.000029643470357
123.400000     0.000029012220988
123.500000     0.000032875467125
123.600000     0.000027497222503
123.700000     0.000040324209676
123.800000     0.000039541460459
123.900000     0.000042167457833
124.000000     0.000029971720028
124.100000     0.000036536713463
124.200000     0.000039819210181
124.300000     0.000036561963438
124.400000     0.000036385213615
124.500000     0.000036637713362
124.600000     0.000036763963236
124.700000     0.000031360468640
124.800000     0.000039844460156
124.900000     0.000033986466014
125.000000     0.000045298454702
125.100000     0.000034819715180
125.200000     0.000037773962226
125.300000     0.000039995960004
125.400000     0.000033178466822
125.500000     0.000039036460964
125.600000     0.000027598222402
125.700000     0.000044162205838
125.800000     0.000038026461974
125.900000     0.000034996465004
126.000000     0.000042722957277
126.100000     0.000046863953136
126.200000     0.000032698717301
126.300000     0.000035046964953
126.400000     0.000026285223715
126.500000     0.000036763963236
126.600000     0.000036940713059
126.700000     0.000037066962933
126.800000     0.000040652459348
126.900000     0.000040046459954
127.000000     0.000033329966670
127.100000     0.000035476214524
127.200000     0.000031183718816
127.300000     0.000028204221796
127.400000     0.000037218462782
127.500000     0.000035501464499
127.600000     0.000039617210383
127.700000     0.000028305221695
127.800000     0.000023154226846
127.900000     0.000038506211494
128.000000     0.000042091707908
128.100000     0.000036334713665
128.200000     0.000031865468135
128.300000     0.000029087970912
128.400000     0.000042697707302
128.500000     0.000028204221796
128.600000     0.000025451974548
128.700000     0.000038758711241
128.800000     0.000033708716291
128.900000     0.000039061710938
129.000000     0.000033683466317
129.100000     0.000030552469448
129.200000     0.000040955459045
129.300000     0.000030047469953
129.400000     0.000036334713665
129.500000     0.000033380466620
129.600000     0.000040753459247
129.700000     0.000044515705484
129.800000     0.000040071709928
129.900000     0.000032168467832
130.000000     0.000036637713362
130.100000     0.000035173214827
130.200000     0.000034516715483
130.300000     0.000040273709726
130.400000     0.000033759216241
130.500000     0.000032572467428
130.600000     0.000034087465913
130.700000     0.000034011715988
130.800000     0.000034036965963
130.900000     0.000029643470357
131.000000     0.000047318452682
131.100000     0.000044187455813
131.200000     0.000033178466822
131.300000     0.000030956469044
131.400000     0.000036839713160
131.500000     0.000039036460964
131.600000     0.000042243207757
131.700000     0.000030779719220
131.800000     0.000033127966872
131.900000     0.000047646702353
132.000000     0.000046510453490
132.100000     0.000031789718210
132.200000     0.000033481466519
132.300000     0.000030905969094
132.400000     0.000032976467024
132.500000     0.000034137965862
132.600000     0.000035349964650
132.700000     0.000029264720735
132.800000     0.000030123219877
132.900000     0.000031915968084
133.000000     0.000036334713665
133.100000     0.000040728209272
133.200000     0.000035072214928
133.300000     0.000041106958893
133.400000     0.000040803959196
133.500000     0.000031032218968
133.600000     0.000041157458843
133.700000     0.000041157458843
133.800000     0.000035248964751
133.900000     0.000030097969902
134.000000     0.000042394707605
134.100000     0.000031941218059
134.200000     0.000046081203919
134.300000     0.000039314210686
134.400000     0.000040223209777
134.500000     0.000035955964044
134.600000     0.000035526714473
134.700000     0.000031713968286
134.800000     0.000035905464095
134.900000     0.000035450964549
135.000000     0.000040298959701
135.100000     0.000035299464701
135.200000     0.000038304211696
135.300000     0.000044667205333
135.400000     0.000032042217958
135.500000     0.000047343702656
135.600000     0.000037369962630
135.700000     0.000039743460257
135.800000     0.000042748207252
135.900000     0.000035703464297
136.000000     0.000034945965054
136.100000     0.000031966468034
136.200000     0.000040450459550
136.300000     0.000034971215029
136.400000     0.000037546712453
136.500000     0.000038607211393
136.600000     0.000031259468741
136.700000     0.000039591960408
136.800000     0.000043051206949
136.900000     0.000036965963034
137.000000     0.000044869205131
137.100000     0.000027446722553
137.200000     0.000034945965054
137.300000     0.000029769720230
137.400000     0.000031309968690
137.500000     0.000026411473589
137.600000     0.000035501464499
137.700000     0.000034920715079
137.800000     0.000040930209070
137.900000     0.000040298959701
138.000000     0.000038329461671
138.100000     0.000031865468135
138.200000     0.000047318452682
138.300000     0.000031410968589
138.400000     0.000041485708514
138.500000     0.000038304211696
138.600000     0.000024416725583
138.700000     0.000037748712251
138.800000     0.000027951722048
138.900000     0.000043404706595
139.000000     0.000043051206949
139.100000     0.000033405716594
139.200000     0.000032067467933
139.300000     0.000045500454500
139.400000     0.000038682961317
139.500000     0.000044818705181
139.600000     0.000037268962731
139.700000     0.000037496212504
139.800000     0.000036334713665
139.900000     0.000034718715281
140.000000     0.000031991718008
140.100000     0.000034920715079
140.200000     0.000037243712756
140.300000     0.000043985456015
140.400000     0.000038607211393
140.500000     0.000029971720028
140.600000     0.000036334713665
140.700000     0.000029592970407
140.800000     0.000030198969801
140.900000     0.000034390465610
141.000000     0.000039415210585
141.100000     0.000038329461671
141.200000     0.000036991213009
141.300000     0.000036334713665
141.400000     0.000029188970811
141.500000     0.000036056963943
141.600000     0.000034819715180
141.700000     0.000024012725987
141.800000     0.000040147459853
141.900000     0.000025578224422
142.000000     0.000025679224321
142.100000     0.000031032218968
142.200000     0.000038051711948
142.300000     0.000035779214221
142.400000     0.000029870720129
142.500000     0.000028658721341
142.600000     0.000036359963640
142.700000     0.000032951217049
142.800000     0.000033885466115
142.900000     0.000043429956570
143.000000     0.000038708211292
143.100000     0.000037672962327
143.200000     0.000030981719018
143.300000     0.000033279466721
143.400000     0.000036410463590
143.500000     0.000043101706898
143.600000     0.000031385718614
143.700000     0.000036359963640
143.800000     0.000034592465408
143.900000     0.000037193212807
144.000000     0.000046358953641
144.100000     0.000035779214221
144.200000     0.000034895465105
144.300000     0.000038657711342
144.400000     0.000044162205838
144.500000     0.000046207453793
144.600000     0.000038632461368
144.700000     0.000044944955055
144.800000     0.000032496717503
144.900000     0.000035905464095
145.000000     0.000026663973336
145.100000     0.000028355721644
145.200000     0.000039591960408
145.300000     0.000029744470256
145.400000     0.000039718210282
145.500000     0.000034264215736
145.600000     0.000038076961923
145.700000     0.000033759216241
145.800000     0.000029870720129
145.900000     0.000029416220584
146.000000     0.000031941218059
146.100000     0.000043631956368
146.200000     0.000038859711140
146.300000     0.000033127966872
146.400000     0.000033077466923
146.500000     0.000025376224624
146.600000     0.000032067467933
146.700000     0.000032622967377
146.800000     0.000034642965357
146.900000     0.000026764973235
147.000000     0.000030198969801
147.100000     0.000049590950409
147.200000     0.000030931219069
147.300000     0.000035097464903
147.400000     0.000037571962428
147.500000     0.000032345217655
147.600000     0.000035349964650
147.700000     0.000037319462681
147.800000     0.000032521967478
147.900000     0.000035223714776
148.000000     0.000036082213918
148.100000     0.000032471467529
148.200000     0.000038379961620
148.300000     0.000028961721038
148.400000     0.000039869710130
148.500000     0.000041258458742
148.600000     0.000034137965862
148.700000     0.000032951217049
148.800000     0.000037167962832
148.900000     0.000040728209272
149.000000     0.000033329966670
149.100000     0.000042697707302
149.200000     0.000031335218665
149.300000     0.000028936471064
149.400000     0.000035147964852
149.500000     0.000038177961822
149.600000     0.000028582971417
149.700000     0.000028759721240
149.800000     0.000032521967478
149.900000     0.000027648722351
150.000000     0.000036637713362
150.100000     0.000026461973538
150.200000     0.000033304716695
150.300000     0.000040223209777
150.400000     0.000035097464903
150.500000     0.000034112715887
150.600000     0.000029239470761
150.700000     0.000047242702757
150.800000     0.000031107968892
150.900000     0.000048707201293
151.000000     0.000036334713665
151.100000     0.000035804464196
151.200000     0.000034188465812
151.300000     0.000035804464196
151.400000     0.000024568225432
151.500000     0.000048555701444
151.600000     0.000039743460257
151.700000     0.000037344712655
151.800000     0.000029087970912
151.900000     0.000037950712049
152.000000     0.000041712958287
152.100000     0.000040930209070
152.200000     0.000032067467933
152.300000     0.000046384203616
152.400000     0.000035425714574
152.500000     0.000033456216544
152.600000     0.000027724472276
152.700000     0.000038051711948
152.800000     0.000041611958388
152.900000     0.000028784971215
153.000000     0.000033860216140
153.100000     0.000037193212807
153.200000     0.000030047469953
153.300000     0.000042495707504
153.400000     0.000034466215534
153.500000     0.000037496212504
153.600000     0.000034642965357
153.700000     0.000036132713867
153.800000     0.000040197959802
153.900000     0.000035072214928
154.000000     0.000034289465711
154.100000     0.000035198464802
154.200000     0.000030022219978
154.300000     0.000039314210686
154.400000     0.000026158973841
154.500000     0.000031764468236
154.600000     0.000031663468337
154.700000     0.000035349964650
154.800000     0.000037925462075
154.900000     0.000033759216241
155.000000     0.000046586203414
155.100000     0.000037975962024
155.200000     0.000038152711847
155.300000     0.000026209473791
155.400000     0.000037294212706
155.500000     0.000034718715281
155.600000     0.000030476719523
155.700000     0.000027522472478
155.800000     0.000028254721745
155.900000     0.000041182708817
156.000000     0.000030804969195
156.100000     0.000033582466418
156.200000     0.000033127966872
156.300000     0.000038001211999
156.400000     0.000027673972326
156.500000     0.000023330976669
156.600000     0.000039718210282
156.700000     0.000026512473488
156.800000     0.000038354711645
156.900000     0.000037849712150
157.000000     0.000030931219069
157.100000     0.000026411473589
157.200000     0.000040576709423
157.300000     0.000040248459752
157.400000     0.000040728209272
157.500000     0.000032723967276
157.600000     0.000038354711645
157.700000     0.000026057973942
157.800000     0.000029971720028
157.900000     0.000039768710231
158.000000     0.000029365720634
158.100000     0.000028986971013
158.200000     0.000028633471367
158.300000     0.000032951217049
158.400000     0.000034592465408
158.500000     0.000038834461166
158.600000     0.000034314715685
158.700000     0.000022346227654
158.800000     0.000033329966670
158.900000     0.000033026966973
159.000000     0.000038506211494
159.100000     0.000036460963539
159.200000     0.000032042217958
159.300000     0.000026335723664
159.400000     0.000031789718210
159.500000     0.000019467730532
159.600000     0.000033632966367
159.700000     0.000035400464600
159.800000     0.000033910716089
159.900000     0.000031814968185
160.000000     0.000034440965559
160.100000     0.000036107463893
160.200000     0.000033860216140
160.300000     0.000031638218362
160.400000     0.000022043227957
160.500000     0.000033834966165
160.600000     0.000029062720937
160.700000     0.000033658216342
160.800000     0.000038809211191
160.900000     0.000026133723866
161.000000     0.000031436218564
161.100000     0.000033355216645
161.200000     0.000038026461974
161.300000     0.000048126451874
161.400000     0.000036637713362
161.500000     0.000039314210686
161.600000     0.000034466215534
161.700000     0.000038354711645
161.800000     0.000028305221695
161.900000     0.000040096959903
162.000000     0.000030880719119
162.100000     0.000031461468539
162.200000     0.000044641955358
162.300000     0.000023305726694
162.400000     0.000030198969801
162.500000     0.000029365720634
162.600000     0.000028784971215
162.700000     0.000028734471266
162.800000     0.000032824967175
162.900000     0.000036511463489
163.000000     0.000028911221089
163.100000     0.000030981719018
163.200000     0.000038960711039
163.300000     0.000034945965054
163.400000     0.000037092212908
163.500000     0.000031840218160
163.600000     0.000041662458338
163.700000     0.000032420967579
163.800000     0.000036637713362
163.900000     0.000036107463893
164.000000     0.000036814463186
164.100000     0.000034213715786
164.200000     0.000029466720533
164.300000     0.000033456216544
164.400000     0.000031335218665
164.500000     0.000033456216544
164.600000     0.000035274214726
164.700000     0.000034516715483
164.800000     0.000031966468034
164.900000     0.000038985961014
165.000000     0.000037698212302
165.100000     0.000042318957681
165.200000     0.000038834461166
165.300000     0.000021765478235
165.400000     0.000032117967882
165.500000     0.000034819715180
165.600000     0.000034516715483
165.700000     0.000031739218261
165.800000     0.000031865468135
165.900000     0.000039415210585
166.000000     0.000033759216241
166.100000     0.000029769720230
166.200000     0.000031789718210
166.300000     0.000037773962226
166.400000     0.000036561963438
166.500000     0.000044995455005
166.600000     0.000039516210484
166.700000     0.000030703969296
166.800000     0.000034314715685
166.900000     0.000035854964145
167.000000     0.000028027471973
167.100000     0.000036359963640
167.200000     0.000033809716190
167.300000     0.000044288455712
167.400000     0.000038733461267
167.500000     0.000039440460560
167.600000     0.000030678719321
167.700000     0.000031840218160
167.800000     0.000029719220281
167.900000     0.000032092717907
168.000000     0.000031234218766
168.100000     0.000039288960711
168.200000     0.000049641450359
168.300000     0.000034466215534
168.400000     0.000032774467226
168.500000     0.000032143217857
168.600000     0.000036839713160
168.700000     0.000041081708918
168.800000     0.000038581961418
168.900000     0.000034945965054
169.000000     0.000027850722149
169.100000     0.000038455711544
169.200000     0.000034314715685
169.300000     0.000032143217857
169.400000     0.000039137460863
169.500000     0.000028204221796
169.600000     0.000041763458237
169.700000     0.000035349964650
169.800000     0.000033355216645
169.900000     0.000037546712453
170.000000     0.000036915463085
170.100000     0.000040399959600
170.200000     0.000029618220382
170.300000     0.000040349459651
170.400000     0.000031158468842
170.500000     0.000031688718311
170.600000     0.000027244722755
170.700000     0.000039617210383
170.800000     0.000029542470458
170.900000     0.000035223714776
171.000000     0.000043657206343
171.100000     0.000041106958893
171.200000     0.000032168467832
171.300000     0.000036334713665
171.400000     0.000036132713867
171.500000     0.000040349459651
171.600000     0.000037849712150
171.700000     0.000035375214625
171.800000     0.000033986466014
171.900000     0.000036662963337
172.000000     0.000044818705181
172.100000     0.000038783961216
172.200000     0.000033077466923
172.300000     0.000036763963236
172.400000     0.000034213715786
172.500000     0.000023810726189
172.600000     0.000036839713160
172.700000     0.000033102716897
172.800000     0.000024744975255
172.900000     0.000034592465408
173.000000     0.000041384708615
173.100000     0.000042318957681
173.200000     0.000030173719826
173.300000     0.000025249974750
173.400000     0.000036561963438
173.500000     0.000023760226240
173.600000     0.000030375719624
173.700000     0.000029870720129
173.800000     0.000035854964145
173.900000     0.000036561963438
174.000000     0.000041233208767
174.100000     0.000038455711544
174.200000     0.000038632461368
174.300000     0.000033935966064
174.400000     0.000031360468640
174.500000     0.000029289970710
174.600000     0.000031663468337
174.700000     0.000040955459045
174.800000     0.000034314715685
174.900000     0.000031587718412
175.000000     0.000038657711342
175.100000     0.000030249469751
175.200000     0.000034087465913
175.300000     0.000026562973437
175.400000     0.000041132208868
175.500000     0.000031638218362
175.600000     0.000026966973033
175.700000     0.000031335218665
175.800000     0.000034415715584
175.900000     0.000041586708413
176.000000     0.000038657711342
176.100000     0.000025881224119
176.200000     0.000035829714170
176.300000     0.000032319967680
176.400000     0.000041738208262
176.500000     0.000023633976366
176.600000     0.000027194222806
176.700000     0.000027118472882
176.800000     0.000034895465105
176.900000     0.000033279466721
177.000000     0.000036006463994
177.100000     0.000036208463792
177.200000     0.000032143217857
177.300000     0.000028229471771
177.400000     0.000027800222200
177.500000     0.000028986971013
177.600000     0.000036410463590
177.700000     0.000037546712453
177.800000     0.000025780224220
177.900000     0.000029365720634
178.000000     0.000029845470155
178.100000     0.000029870720129
178.200000     0.000031234218766
178.300000     0.000031537218463
178.400000     0.000045323704676
178.500000     0.000037319462681
178.600000     0.000027168972831
178.700000     0.000044667205333
178.800000     0.000035198464802
178.900000     0.000035021714978
179.000000     0.000038001211999
179.100000     0.000034011715988
179.200000     0.000029315220685
179.300000     0.000030325219675
179.400000     0.000031057468943
179.500000     0.000026714473286
179.600000     0.000037849712150
179.700000     0.000039263710736
179.800000     0.000037546712453
179.900000     0.000040904959095
180.000000     0.000039389960610
180.100000     0.000031436218564
180.200000     0.000038834461166
180.300000     0.000028153721846
180.400000     0.000040829209171
180.500000     0.000038102211898
180.600000     0.000031840218160
180.700000     0.000035248964751
180.800000     0.000037521462479
180.900000     0.000034087465913
181.000000     0.000033961216039
181.100000     0.000035678214322
181.200000     0.000024189475811
181.300000     0.000029012220988
181.400000     0.000030375719624
181.500000     0.000035577214423
181.600000     0.000027168972831
181.700000     0.000027345722654
181.800000     0.000033683466317
181.900000     0.000042041207959
182.000000     0.000042520957479
182.100000     0.000030249469751
182.200000     0.000037571962428
182.300000     0.000034693465307
182.400000     0.000034895465105
182.500000     0.000030552469448
182.600000     0.000033127966872
182.700000     0.000026966973033
182.800000     0.000038152711847
182.900000     0.000028759721240
183.000000     0.000026487223513
183.100000     0.000042091707908
183.200000     0.000033329966670
183.300000     0.000025704474296
183.400000     0.000036006463994
183.500000     0.000038102211898
183.600000     0.000030274719725
183.700000     0.000031713968286
183.800000     0.000032774467226
183.900000     0.000038127461873
184.000000     0.000032875467125
184.100000     0.000034844965155
184.200000     0.000035147964852
184.300000     0.000026739723260
184.400000     0.000041384708615
184.500000     0.000035021714978
184.600000     0.000042318957681
184.700000     0.000035804464196
184.800000     0.000035501464499
184.900000     0.000039112210888
185.000000     0.000034062215938
185.100000     0.000033127966872
185.200000     0.000037117462883
185.300000     0.000037117462883
185.400000     0.000034642965357
185.500000     0.000036561963438
185.600000     0.000032168467832
185.700000     0.000029087970912
185.800000     0.000042041207959
185.900000     0.000032547217453
186.000000     0.000040374709625
186.100000     0.000034264215736
186.200000     0.000023861226139
186.300000     0.000026891223109
186.400000     0.000036814463186
186.500000     0.000038758711241
186.600000     0.000024972225028
186.700000     0.000028784971215
186.800000     0.000030981719018
186.900000     0.000027623472377
187.000000     0.000038935461065
187.100000     0.000039389960610
187.200000     0.000034769215231
187.300000     0.000034466215534
187.400000     0.000032471467529
187.500000     0.000034365215635
187.600000     0.000028608221392
187.700000     0.000035173214827
187.800000     0.000030527219473
187.900000     0.000035324714675
188.000000     0.000026739723260
188.100000     0.000038935461065
188.200000     0.000042672457328
188.300000     0.000045071204929
188.400000     0.000038001211999
188.500000     0.000032951217049
188.600000     0.000033077466923
188.700000     0.000034314715685
188.800000     0.000029921220079
188.900000     0.000026840723159
189.000000     0.000038985961014
189.100000     0.000039490960509
189.200000     0.000031789718210
189.300000     0.000039642460358
189.400000     0.000030527219473
189.500000     0.000028582971417
189.600000     0.000032749217251
189.700000     0.000035324714675
189.800000     0.000027673972326
189.900000     0.000026739723260
190.000000     0.000034794465206
190.100000     0.000036688213312
190.200000     0.000036233713766
190.300000     0.000030729219271
190.400000     0.000034516715483
190.500000     0.000028481971518
190.600000     0.000033329966670
190.700000     0.000039137460863
190.800000     0.000041990708009
190.900000     0.000046661953338
191.000000     0.000033834966165
191.100000     0.000028254721745
191.200000     0.000031966468034
191.300000     0.000038632461368
191.400000     0.000025552974447
191.500000     0.000022901727098
191.600000     0.000038253711746
191.700000     0.000037445712554
191.800000     0.000029340470660
191.900000     0.000038859711140
192.000000     0.000033632966367
192.100000     0.000035046964953
192.200000     0.000037647712352
192.300000     0.000031537218463
192.400000     0.000039692960307
192.500000     0.000034440965559
192.600000     0.000023785476215
192.700000     0.000031941218059
192.800000     0.000043152206848
192.900000     0.000036410463590
193.000000     0.000031309968690
193.100000     0.000031107968892
193.200000     0.000028052721947
193.300000     0.000040122209878
193.400000     0.000028481971518
193.500000     0.000032319967680
193.600000     0.000035551964448
193.700000     0.000037016462984
193.800000     0.000038228461772
193.900000     0.000030299969700
194.000000     0.000046611453389
194.100000     0.000036561963438
194.200000     0.000041283708716
194.300000     0.000040601959398
194.400000     0.000035551964448
194.500000     0.000035703464297
194.600000     0.000031284718715
194.700000     0.000027269972730
194.800000     0.000033986466014
194.900000     0.000037420462580
195.000000     0.000041788708211
195.100000     0.000030754469246
195.200000     0.000042015957984
195.300000     0.000036763963236
195.400000     0.000039920210080
195.500000     0.000037395212605
195.600000     0.000034945965054
195.700000     0.000036561963438
195.800000     0.000028709221291
195.900000     0.000038910211090
196.000000     0.000025780224220
196.100000     0.000033784466216
196.200000     0.000030804969195
196.300000     0.000039086960913
196.400000     0.000036839713160
196.500000     0.000031865468135
196.600000     0.000035526714473
196.700000     0.000040627209373
196.800000     0.000025199474801
196.900000     0.000027901222099
197.000000     0.000034365215635
197.100000     0.000033759216241
197.200000     0.000032976467024
197.300000     0.000032976467024
197.400000     0.000032850217150
197.500000     0.000031133218867
197.600000     0.000038733461267
197.700000     0.000035981214019
197.800000     0.000045121704878
197.900000     0.000035299464701
198.000000     0.000030602969397
198.100000     0.000029340470660
198.200000     0.000037016462984
198.300000     0.000038834461166
198.400000     0.000032572467428
198.500000     0.000033607716392
198.600000     0.000036662963337
198.700000     0.000030173719826
198.800000     0.000029668720331
198.900000     0.000039440460560
199.000000     0.000028077971922
199.100000     0.000035299464701
199.200000     0.000032168467832
199.300000     0.000030653469347
199.400000     0.000031915968084
199.500000     0.000041334208666
199.600000     0.000037546712453
199.700000     0.000040374709625
199.800000     0.000044111705888
199.900000     0.000032597717402
