   2.5000000000000001E-002   0.0000000000000000        0.0000000000000000     
   7.5000000000000011E-002   0.0000000000000000        0.0000000000000000     
  0.12500000000000003        0.0000000000000000        0.0000000000000000     
  0.17500000000000002        0.0000000000000000        0.0000000000000000     
  0.22500000000000001        0.0000000000000000        0.0000000000000000     
  0.27500000000000002        0.0000000000000000        0.0000000000000000     
  0.32500000000000001        0.0000000000000000        0.0000000000000000     
  0.37500000000000000        0.0000000000000000        0.0000000000000000     
  0.42499999999999999        0.0000000000000000        0.0000000000000000     
  0.47499999999999998        0.0000000000000000        0.0000000000000000     
  0.52500000000000002        0.0000000000000000        0.0000000000000000     
  0.57500000000000007        0.0000000000000000        0.0000000000000000     
  0.62500000000000000        0.0000000000000000        0.0000000000000000     
  0.67500000000000004        0.0000000000000000        0.0000000000000000     
  0.72499999999999998        0.0000000000000000        0.0000000000000000     
  0.77500000000000002        0.0000000000000000        0.0000000000000000     
  0.82500000000000007        0.0000000000000000        0.0000000000000000     
  0.87500000000000000        0.0000000000000000        0.0000000000000000     
  0.92500000000000004        0.0000000000000000        0.0000000000000000     
  0.97499999999999998        0.0000000000000000        0.0000000000000000     
   1.0250000000000001        0.0000000000000000        0.0000000000000000     
   1.0750000000000002        0.0000000000000000        0.0000000000000000     
   1.1250000000000002        0.0000000000000000        0.0000000000000000     
   1.1750000000000003        0.0000000000000000        0.0000000000000000     
   1.2250000000000001        0.0000000000000000        0.0000000000000000     
   1.2750000000000001        0.0000000000000000        0.0000000000000000     
   1.3250000000000002        0.0000000000000000        0.0000000000000000     
   1.3750000000000002        0.0000000000000000        0.0000000000000000     
   1.4250000000000003        0.0000000000000000        0.0000000000000000     
   1.4750000000000001        0.0000000000000000        0.0000000000000000     
   1.5250000000000001        0.0000000000000000        0.0000000000000000     
   1.5750000000000002        0.0000000000000000        0.0000000000000000     
   1.6250000000000002        0.0000000000000000        0.0000000000000000     
   1.6750000000000003        0.0000000000000000        0.0000000000000000     
   1.7250000000000001        0.0000000000000000        0.0000000000000000     
   1.7750000000000001        0.0000000000000000        0.0000000000000000     
   1.8250000000000002        0.0000000000000000        0.0000000000000000     
   1.8750000000000002        0.0000000000000000        0.0000000000000000     
   1.9250000000000003        0.0000000000000000        0.0000000000000000     
   1.9750000000000001        0.0000000000000000        0.0000000000000000     
   2.0250000000000004        0.0000000000000000        0.0000000000000000     
   2.0750000000000002        0.0000000000000000        0.0000000000000000     
   2.1250000000000000        0.0000000000000000        0.0000000000000000     
   2.1750000000000003        0.0000000000000000        0.0000000000000000     
   2.2250000000000001        0.0000000000000000        0.0000000000000000     
   2.2750000000000004        0.0000000000000000        0.0000000000000000     
   2.3250000000000002        0.0000000000000000        0.0000000000000000     
   2.3750000000000004        0.0000000000000000        0.0000000000000000     
   2.4250000000000003        0.0000000000000000        0.0000000000000000     
   2.4750000000000001        0.0000000000000000        0.0000000000000000     
   2.5250000000000004        0.0000000000000000        0.0000000000000000     
   2.5750000000000002        0.0000000000000000        0.0000000000000000     
   2.6250000000000004        0.0000000000000000        0.0000000000000000     
   2.6750000000000003        0.0000000000000000        0.0000000000000000     
   2.7250000000000001        0.0000000000000000        0.0000000000000000     
   2.7750000000000004        0.0000000000000000        0.0000000000000000     
   2.8250000000000002        0.0000000000000000        0.0000000000000000     
   2.8750000000000004        0.0000000000000000        0.0000000000000000     
   2.9250000000000003        0.0000000000000000        0.0000000000000000     
   2.9750000000000001        0.0000000000000000        0.0000000000000000     
   3.0250000000000004        0.0000000000000000        0.0000000000000000     
   3.0750000000000002        0.0000000000000000        0.0000000000000000     
   3.1250000000000004        0.0000000000000000        0.0000000000000000     
   3.1750000000000003        0.0000000000000000        0.0000000000000000     
   3.2250000000000001        0.0000000000000000        0.0000000000000000     
   3.2750000000000004        0.0000000000000000        0.0000000000000000     
   3.3250000000000002        0.0000000000000000        0.0000000000000000     
   3.3750000000000004        0.0000000000000000        0.0000000000000000     
   3.4250000000000003        0.0000000000000000        0.0000000000000000     
   3.4750000000000001        0.0000000000000000        0.0000000000000000     
   3.5250000000000004        0.0000000000000000        0.0000000000000000     
   3.5750000000000002        0.0000000000000000        0.0000000000000000     
   3.6250000000000004        0.0000000000000000        0.0000000000000000     
   3.6750000000000003        0.0000000000000000        0.0000000000000000     
   3.7250000000000001        0.0000000000000000        0.0000000000000000     
   3.7750000000000004        0.0000000000000000        0.0000000000000000     
   3.8250000000000002        0.0000000000000000        0.0000000000000000     
   3.8750000000000004        0.0000000000000000        0.0000000000000000     
   3.9250000000000003        0.0000000000000000        0.0000000000000000     
   3.9750000000000001        0.0000000000000000        0.0000000000000000     
   4.0249999999999995        0.0000000000000000        0.0000000000000000     
   4.0750000000000002        0.0000000000000000        0.0000000000000000     
   4.1250000000000000        0.0000000000000000        0.0000000000000000     
   4.1749999999999998        0.0000000000000000        0.0000000000000000     
   4.2249999999999996        0.0000000000000000        0.0000000000000000     
   4.2749999999999995        0.0000000000000000        0.0000000000000000     
   4.3250000000000002        0.0000000000000000        0.0000000000000000     
   4.3750000000000000        0.0000000000000000        0.0000000000000000     
   4.4249999999999998        0.0000000000000000        0.0000000000000000     
   4.4749999999999996        0.0000000000000000        0.0000000000000000     
   4.5249999999999995        0.0000000000000000        0.0000000000000000     
   4.5750000000000002        0.0000000000000000        0.0000000000000000     
   4.6250000000000000        0.0000000000000000        0.0000000000000000     
   4.6749999999999998        0.0000000000000000        0.0000000000000000     
   4.7249999999999996        0.0000000000000000        0.0000000000000000     
   4.7750000000000004        0.0000000000000000        0.0000000000000000     
   4.8250000000000002        0.0000000000000000        0.0000000000000000     
   4.8750000000000000        0.0000000000000000        0.0000000000000000     
   4.9249999999999998        0.0000000000000000        0.0000000000000000     
   4.9749999999999996        0.0000000000000000        0.0000000000000000     
   5.0250000000000004        8.7445931988026600E-004   8.7445931988026600E-004
   5.0750000000000002        8.9119133912930206E-004   8.9119133912930206E-004
   5.1250000000000000        8.8341685901460005E-004   8.8341685901460005E-004
   5.1749999999999998        8.7800852641769394E-004   8.7800852641769394E-004
   5.2249999999999996        8.6921999058945081E-004   8.6921999058945081E-004
   5.2750000000000004        8.5569917046585218E-004   8.5569917046585218E-004
   5.3250000000000002        8.4403745777768898E-004   8.4403745777768898E-004
   5.3750000000000000        8.2798148043175838E-004   8.2798148043175838E-004
   5.4249999999999998        8.2206612112066307E-004   8.2206612112066307E-004
   5.4749999999999996        8.1615075986718509E-004   8.1615075986718509E-004
   5.5250000000000004        7.9434843028676212E-004   7.9434843028676212E-004
   5.5750000000000002        7.8572890564840975E-004   7.8572890564840975E-004
   5.6250000000000000        7.7727839414232583E-004   7.7727839414232583E-004
   5.6749999999999998        7.7372916452479832E-004   7.7372916452479832E-004
   5.7249999999999996        7.6105339920806269E-004   7.6105339920806269E-004
   5.7750000000000004        7.7001094542638497E-004   7.7001094542638497E-004
   5.8250000000000002        7.2792737874796047E-004   7.2792737874796047E-004
   5.8750000000000000        7.4195523324102901E-004   7.4195523324102901E-004
   5.9249999999999998        7.1913884086307776E-004   7.1913884086307776E-004
   5.9749999999999996        7.1947686472820466E-004   7.1947686472820466E-004
   6.0250000000000004        7.2454717357423558E-004   7.2454717357423558E-004
   6.0750000000000002        7.2488519538272561E-004   7.2488519538272561E-004
   6.1250000000000000        6.9226620849228851E-004   6.9226620849228851E-004
   6.1749999999999998        6.7316804823815319E-004   6.7316804823815319E-004
   6.2249999999999996        6.7992845812856395E-004   6.7992845812856395E-004
   6.2750000000000004        6.5085868908709265E-004   6.5085868908709265E-004
   6.3250000000000002        6.5305581684565897E-004   6.5305581684565897E-004
   6.3750000000000000        6.6674564918746610E-004   6.6674564918746610E-004
   6.4249999999999998        6.5947821235434951E-004   6.5947821235434951E-004
   6.4749999999999996        6.6860475422348504E-004   6.6860475422348504E-004
   6.5250000000000004        6.4240816444134771E-004   6.4240816444134771E-004
   6.5750000000000002        6.2432406538513003E-004   6.2432406538513003E-004
   6.6250000000000000        6.0218371365344879E-004   6.0218371365344879E-004
   6.6749999999999998        6.1942276487253532E-004   6.1942276487253532E-004
   6.7249999999999996        6.1739463836341633E-004   6.1739463836341633E-004
   6.7750000000000004        6.2043682424232482E-004   6.2043682424232482E-004
   6.8250000000000002        6.0336678695531323E-004   6.0336678695531323E-004
   6.8750000000000000        5.8950794342361751E-004   5.8950794342361751E-004
   6.9249999999999998        5.9846548907065080E-004   5.9846548907065080E-004
   6.9749999999999996        5.7936732790244967E-004   5.7936732790244967E-004
   7.0250000000000004        5.7294493205098840E-004   5.7294493205098840E-004
   7.0750000000000002        5.7176186263388864E-004   5.7176186263388864E-004
   7.1250000000000000        5.7902930003829423E-004   5.7902930003829423E-004
   7.1749999999999998        5.6195926355108515E-004   5.6195926355108515E-004
   7.2249999999999996        5.4472021953024376E-004   5.4472021953024376E-004
   7.2750000000000004        5.3576266897011938E-004   5.3576266897011938E-004
   7.3250000000000002        5.4911448327395001E-004   5.4911448327395001E-004
   7.3750000000000000        5.4370614267899452E-004   5.4370614267899452E-004
   7.4249999999999998        5.4488921563808877E-004   5.4488921563808877E-004
   7.4749999999999996        5.3762177549149129E-004   5.3762177549149129E-004
   7.5250000000000004        5.2934027174755837E-004   5.2934027174755837E-004
   7.5750000000000002        5.0212962293840814E-004   5.0212962293840814E-004
   7.6250000000000000        5.0855200907794923E-004   5.0855200907794923E-004
   7.6749999999999998        5.1700252321195935E-004   5.1700252321195935E-004
   7.7249999999999996        5.1159418901544629E-004   5.1159418901544629E-004
   7.7750000000000004        4.9012988729917896E-004   4.9012988729917896E-004
   7.8250000000000002        4.8793274811481814E-004   4.8793274811481814E-004
   7.8750000000000000        4.9283404771334927E-004   4.9283404771334927E-004
   7.9249999999999998        4.8387650515127720E-004   4.8387650515127720E-004
   7.9749999999999996        4.8810175382032740E-004   4.8810175382032740E-004
   8.0250000000000004        4.7170775843641852E-004   4.7170775843641852E-004
   8.0749999999999993        4.7914421091548086E-004   4.7914421091548086E-004
   8.1250000000000000        4.8590462160569829E-004   4.8590462160569829E-004
   8.1750000000000007        4.6545437948773872E-004   4.6545437948773872E-004
   8.2249999999999996        4.5176454520354524E-004   4.5176454520354524E-004
   8.2750000000000004        4.6139813583864650E-004   4.6139813583864650E-004
   8.3249999999999993        4.6427130687141488E-004   4.6427130687141488E-004
   8.3750000000000000        4.4956740430531883E-004   4.4956740430531883E-004
   8.4250000000000007        4.6055307737553192E-004   4.6055307737553192E-004
   8.4749999999999996        4.3013122567043199E-004   4.3013122567043199E-004
   8.5250000000000004        4.3807471263322353E-004   4.3807471263322353E-004
   8.5749999999999993        4.3215934920884353E-004   4.3215934920884353E-004
   8.6250000000000000        4.3199033687637737E-004   4.3199033687637737E-004
   8.6750000000000007        4.2877914106441618E-004   4.2877914106441618E-004
   8.7249999999999996        4.4331402501386207E-004   4.4331402501386207E-004
   8.7750000000000004        4.2134268755703301E-004   4.2134268755703301E-004
   8.8249999999999993        4.1897654209587318E-004   4.1897654209587318E-004
   8.8750000000000000        4.2911716401547949E-004   4.2911716401547949E-004
   8.9250000000000007        4.1339920390772009E-004   4.1339920390772009E-004
   8.9749999999999996        4.2320179762039481E-004   4.2320179762039481E-004
   9.0250000000000004        4.0325858895783994E-004   4.0325858895783994E-004
   9.0749999999999993        4.1238514328109074E-004   4.1238514328109074E-004
   9.1250000000000000        3.9616015851578107E-004   3.9616015851578107E-004
   9.1750000000000007        3.9852629506482231E-004   3.9852629506482231E-004
   9.2249999999999996        3.9954035946195970E-004   3.9954035946195970E-004
   9.2750000000000004        4.0072342819351154E-004   4.0072342819351154E-004
   9.3249999999999993        3.8923073217961556E-004   3.8923073217961556E-004
   9.3750000000000000        3.8517448327466373E-004   3.8517448327466373E-004
   9.4250000000000007        3.8956875558771232E-004   3.8956875558771232E-004
   9.4749999999999996        3.9497707972953224E-004   3.9497707972953224E-004
   9.5250000000000004        3.9447004753096154E-004   3.9447004753096154E-004
   9.5750000000000011        3.8213230527954793E-004   3.8213230527954793E-004
   9.6250000000000000        3.8416042161971422E-004   3.8416042161971422E-004
   9.6750000000000007        3.7824506539358332E-004   3.7824506539358332E-004
   9.7249999999999996        3.6320314547505722E-004   3.6320314547505722E-004
   9.7750000000000004        3.8111823379842046E-004   3.8111823379842046E-004
   9.8250000000000011        3.7858308640226348E-004   3.7858308640226348E-004
   9.8750000000000000        3.7401980678409473E-004   3.7401980678409473E-004
   9.9250000000000007        3.5052737684484038E-004   3.5052737684484038E-004
   9.9749999999999996        3.7063959555470345E-004   3.7063959555470345E-004
   10.025000000000000        3.6066798882401031E-004   3.6066798882401031E-004
   10.075000000000001        3.7097762319034274E-004   3.7097762319034274E-004
   10.125000000000000        3.7013256941180103E-004   3.7013256941180103E-004
   10.175000000000001        3.5914689462771741E-004   3.5914689462771741E-004
   10.225000000000000        3.6337215300869034E-004   3.6337215300869034E-004
   10.275000000000000        3.5610470623513633E-004   3.5610470623513633E-004
   10.325000000000001        3.5813283697179557E-004   3.5813283697179557E-004
   10.375000000000000        3.4038675389690869E-004   3.4038675389690869E-004
   10.425000000000001        3.6134403141265946E-004   3.6134403141265946E-004
   10.475000000000000        3.3159821498370668E-004   3.3159821498370668E-004
   10.525000000000000        3.5745678809895863E-004   3.5745678809895863E-004
   10.575000000000001        3.5018935012326148E-004   3.5018935012326148E-004
   10.625000000000000        3.4275289947232425E-004   3.4275289947232425E-004
   10.675000000000001        3.4140081509482562E-004   3.4140081509482562E-004
   10.725000000000000        3.4275289775845524E-004   3.4275289775845524E-004
   10.775000000000000        3.3430238533831163E-004   3.3430238533831163E-004
   10.825000000000001        3.2635890008938969E-004   3.2635890008938969E-004
   10.875000000000000        3.3920368322297456E-004   3.3920368322297456E-004
   10.925000000000001        3.3548545292728449E-004   3.3548545292728449E-004
   10.975000000000000        3.3649951721016508E-004   3.3649951721016508E-004
   11.025000000000000        3.2061254854044745E-004   3.2061254854044745E-004
   11.075000000000001        3.2331671489602745E-004   3.2331671489602745E-004
   11.125000000000000        3.3041514670918340E-004   3.3041514670918340E-004
   11.175000000000001        3.2179561910012397E-004   3.2179561910012397E-004
   11.225000000000000        3.1655630180639380E-004   3.1655630180639380E-004
   11.275000000000000        3.2128859227167721E-004   3.2128859227167721E-004
   11.325000000000001        3.2128858553046085E-004   3.2128858553046085E-004
   11.375000000000000        3.1993650698011506E-004   3.1993650698011506E-004
   11.425000000000001        3.2669692098381223E-004   3.2669692098381223E-004
   11.475000000000000        3.2568285612964275E-004   3.2568285612964275E-004
   11.525000000000000        3.1047192822044917E-004   3.1047192822044917E-004
   11.575000000000001        3.1368312277557046E-004   3.1368312277557046E-004
   11.625000000000000        3.2923206940828787E-004   3.2923206940828787E-004
   11.675000000000001        3.1976749144842741E-004   3.1976749144842741E-004
   11.725000000000000        3.2010551622761843E-004   3.2010551622761843E-004
   11.775000000000000        3.1824640205096663E-004   3.1824640205096663E-004
   11.825000000000001        3.0590865557200990E-004   3.0590865557200990E-004
   11.875000000000000        2.9982427912962021E-004   2.9982427912962021E-004
   11.925000000000001        3.0624666515490293E-004   3.0624666515490293E-004
   11.975000000000000        3.0996490219180561E-004   3.0996490219180561E-004
   12.025000000000000        3.0557063124984842E-004   3.0557063124984842E-004
   12.075000000000001        3.0709172281820986E-004   3.0709172281820986E-004
   12.125000000000000        3.1419015554542994E-004   3.1419015554542994E-004
   12.175000000000001        2.7768393631005171E-004   2.7768393631005171E-004
   12.225000000000000        3.0050032343213924E-004   3.0050032343213924E-004
   12.275000000000000        2.9695110855388127E-004   2.9695110855388127E-004
   12.325000000000001        3.0320448510314451E-004   3.0320448510314451E-004
   12.375000000000000        2.9019069683534215E-004   2.9019069683534215E-004
   12.425000000000001        2.9373990988547187E-004   2.9373990988547187E-004
   12.475000000000000        3.0371151730171310E-004   3.0371151730171310E-004
   12.525000000000000        2.9323287517323086E-004   2.9323287517323086E-004
   12.575000000000001        2.9492298055940969E-004   2.9492298055940969E-004
   12.625000000000000        3.0066932925190476E-004   3.0066932925190476E-004
   12.675000000000001        2.8157116922628348E-004   2.8157116922628348E-004
   12.725000000000000        2.9221881637472868E-004   2.9221881637472868E-004
   12.775000000000000        2.9035970014143416E-004   2.9035970014143416E-004
   12.825000000000001        2.9593703890087728E-004   2.9593703890087728E-004
   12.875000000000000        2.9728912602056552E-004   2.9728912602056552E-004
   12.925000000000001        2.7362768546271488E-004   2.7362768546271488E-004
   12.975000000000000        2.9052871167409766E-004   2.9052871167409766E-004
   13.025000000000000        2.9069772537765646E-004   2.9069772537765646E-004
   13.075000000000001        2.9272584537407660E-004   2.9272584537407660E-004
   13.125000000000000        2.8917662729659838E-004   2.8917662729659838E-004
   13.175000000000001        2.8461335487667673E-004   2.8461335487667673E-004
   13.225000000000000        2.8833157477489561E-004   2.8833157477489561E-004
   13.275000000000000        2.7734591415878949E-004   2.7734591415878949E-004
   13.325000000000001        2.8258522928162344E-004   2.8258522928162344E-004
   13.375000000000000        2.7819096176740263E-004   2.7819096176740263E-004
   13.425000000000001        2.8376829824168850E-004   2.8376829824168850E-004
   13.475000000000000        2.8359929047953874E-004   2.8359929047953874E-004
   13.525000000000000        2.7937402912785989E-004   2.7937402912785989E-004
   13.575000000000001        2.8461335350558312E-004   2.8461335350558312E-004
   13.625000000000000        2.7464174551805051E-004   2.7464174551805051E-004
   13.675000000000001        2.7971205162189398E-004   2.7971205162189398E-004
   13.725000000000000        2.6737430457164879E-004   2.6737430457164879E-004
   13.775000000000000        2.7819095845392304E-004   2.7819095845392304E-004
   13.825000000000001        2.7227559651489845E-004   2.7227559651489845E-004
   13.875000000000000        2.7007846772800816E-004   2.7007846772800816E-004
   13.925000000000001        2.7903601063285314E-004   2.7903601063285314E-004
   13.975000000000000        2.6162795302270622E-004   2.6162795302270622E-004
   14.025000000000000        2.7768392751219040E-004   2.7768392751219040E-004
   14.075000000000001        2.7413471354799596E-004   2.7413471354799596E-004
   14.125000000000000        2.7379669448169961E-004   2.7379669448169961E-004
   14.175000000000001        2.7058549809845110E-004   2.7058549809845110E-004
   14.225000000000000        2.7751491540823904E-004   2.7751491540823904E-004
   14.275000000000000        2.7328966045500467E-004   2.7328966045500467E-004
   14.325000000000001        2.6669826221151422E-004   2.6669826221151422E-004
   14.375000000000000        2.7176857174309170E-004   2.7176857174309170E-004
   14.425000000000001        2.6450112691192064E-004   2.6450112691192064E-004
   14.475000000000000        2.5013525266701097E-004   2.5013525266701097E-004
   14.525000000000000        2.5943081840866311E-004   2.5943081840866311E-004
   14.575000000000001        2.7379669139673514E-004   2.7379669139673514E-004
   14.625000000000000        2.6145894457500784E-004   2.6145894457500784E-004
   14.675000000000001        2.5926180973244808E-004   2.5926180973244808E-004
   14.725000000000000        2.5790972432662810E-004   2.5790972432662810E-004
   14.775000000000000        2.6855737364597288E-004   2.6855737364597288E-004
   14.825000000000001        2.7819096199591722E-004   2.7819096199591722E-004
   14.875000000000000        2.5672665410972329E-004   2.5672665410972329E-004
   14.925000000000001        2.5858576805785883E-004   2.5858576805785883E-004
   14.975000000000000        2.4641702739867070E-004   2.4641702739867070E-004
   15.025000000000000        2.5182535302584294E-004   2.5182535302584294E-004
   15.075000000000001        2.6213497996541027E-004   2.6213497996541027E-004
   15.125000000000000        2.6450112919707838E-004   2.6450112919707838E-004
   15.175000000000001        2.4827613689074811E-004   2.4827613689074811E-004
   15.225000000000000        2.6636023937470370E-004   2.6636023937470370E-004
   15.275000000000000        2.6348706571400332E-004   2.6348706571400332E-004
   15.325000000000001        2.7159955929636625E-004   2.7159955929636625E-004
   15.375000000000000        2.5824774362144054E-004   2.5824774362144054E-004
   15.425000000000001        2.5402249015355746E-004   2.5402249015355746E-004
   15.475000000000000        2.5537457201738246E-004   2.5537457201738246E-004
   15.525000000000000        2.6568419895695050E-004   2.6568419895695050E-004
   15.575000000000001        2.5385347702128506E-004   2.5385347702128506E-004
   15.625000000000000        2.6213498156502069E-004   2.6213498156502069E-004
   15.675000000000001        2.5841675401152338E-004   2.5841675401152338E-004
   15.725000000000000        2.6450112394121536E-004   2.6450112394121536E-004
   15.775000000000000        2.5098030141820147E-004   2.5098030141820147E-004
   15.825000000000001        2.4878316886080059E-004   2.4878316886080059E-004
   15.875000000000000        2.5672665216733802E-004   2.5672665216733802E-004
   15.925000000000001        2.5081129719804453E-004   2.5081129719804453E-004
   15.975000000000000        2.4810712947136816E-004   2.4810712947136816E-004
   16.025000000000002        2.5300842438532478E-004   2.5300842438532478E-004
   16.075000000000003        2.5047326876260231E-004   2.5047326876260231E-004
   16.125000000000004        2.4945921624828317E-004   2.4945921624828317E-004
   16.175000000000001        2.5571258868426345E-004   2.5571258868426345E-004
   16.225000000000001        2.4979722960168506E-004   2.4979722960168506E-004
   16.275000000000002        2.4945920916429379E-004   2.4945920916429379E-004
   16.325000000000003        2.5148733418805890E-004   2.5148733418805890E-004
   16.375000000000004        2.4067067504992317E-004   2.4067067504992317E-004
   16.425000000000001        2.5452951675348980E-004   2.5452951675348980E-004
   16.475000000000001        2.4489592886057712E-004   2.4489592886057712E-004
   16.525000000000002        2.4827613700500469E-004   2.4827613700500469E-004
   16.575000000000003        2.4371285612999940E-004   2.4371285612999940E-004
   16.625000000000004        2.3661442797309507E-004   2.3661442797309507E-004
   16.675000000000001        2.5520555785678837E-004   2.5520555785678837E-004
   16.725000000000001        2.4219177301672282E-004   2.4219177301672282E-004
   16.775000000000002        2.5858576165941634E-004   2.5858576165941634E-004
   16.825000000000003        2.5300841992926610E-004   2.5300841992926610E-004
   16.875000000000004        2.3560036586111471E-004   2.3560036586111471E-004
   16.925000000000001        2.4844514693805311E-004   2.4844514693805311E-004
   16.975000000000001        2.5469852600099307E-004   2.5469852600099307E-004
   17.025000000000002        2.3830452947450577E-004   2.3830452947450577E-004
   17.075000000000003        2.4185374355295712E-004   2.4185374355295712E-004
   17.125000000000004        2.4658603516081829E-004   2.4658603516081829E-004
   17.175000000000001        2.3509333286273981E-004   2.3509333286273981E-004
   17.225000000000001        2.4405087988086830E-004   2.4405087988086830E-004
   17.275000000000002        2.4421988878559959E-004   2.4421988878559959E-004
   17.325000000000003        2.4506494313542693E-004   2.4506494313542693E-004
   17.375000000000004        2.4185375040843156E-004   2.4185375040843156E-004
   17.425000000000001        2.3712145811502177E-004   2.3712145811502177E-004
   17.475000000000001        2.4151572471517693E-004   2.4151572471517693E-004
   17.525000000000002        2.4895217833681909E-004   2.4895217833681909E-004
   17.575000000000003        2.4371285544445143E-004   2.4371285544445143E-004
   17.625000000000004        2.3644542032520130E-004   2.3644542032520130E-004
   17.675000000000001        2.3374125408387889E-004   2.3374125408387889E-004
   17.725000000000001        2.4506493993620761E-004   2.4506493993620761E-004
   17.775000000000002        2.4506494039323970E-004   2.4506494039323970E-004
   17.825000000000003        2.4675504269445374E-004   2.4675504269445374E-004
   17.875000000000004        2.4320582598807183E-004   2.4320582598807183E-004
   17.925000000000001        2.4388187703180733E-004   2.4388187703180733E-004
   17.975000000000001        2.3864255208279773E-004   2.3864255208279773E-004
   18.025000000000002        2.3999463223275445E-004   2.3999463223275445E-004
   18.075000000000003        2.4760009315951472E-004   2.4760009315951472E-004
   18.125000000000004        2.4793811451097027E-004   2.4793811451097027E-004
   18.175000000000001        2.3610739623155619E-004   2.3610739623155619E-004
   18.225000000000001        2.4658603333269449E-004   2.4658603333269449E-004
   18.275000000000002        2.3019203406401668E-004   2.3019203406401668E-004
   18.325000000000003        2.3847353746517372E-004   2.3847353746517372E-004
   18.375000000000004        2.3965661385200404E-004   2.3965661385200404E-004
   18.425000000000001        2.3881156064475329E-004   2.3881156064475329E-004
   18.475000000000001        2.4489593205979698E-004   2.4489593205979698E-004
   18.525000000000002        2.5098030324632647E-004   2.5098030324632647E-004
   18.575000000000003        2.2934698028547655E-004   2.2934698028547655E-004
   18.625000000000004        2.4624801346659125E-004   2.4624801346659125E-004
   18.675000000000001        2.3745948003776684E-004   2.3745948003776684E-004
   18.725000000000001        2.4506493833659530E-004   2.4506493833659530E-004
   18.775000000000002        2.3560036654666079E-004   2.3560036654666079E-004
   18.825000000000003        2.3745947935221919E-004   2.3745947935221919E-004
   18.875000000000004        2.4033265301291840E-004   2.4033265301291840E-004
   18.925000000000001        2.3120609663302737E-004   2.3120609663302737E-004
   18.975000000000001        2.3762848745714264E-004   2.3762848745714264E-004
   19.025000000000002        2.3796651063672465E-004   2.3796651063672465E-004
   19.075000000000003        2.3036104719628800E-004   2.3036104719628800E-004
   19.125000000000004        2.4421988947114512E-004   2.4421988947114512E-004
   19.175000000000004        2.3729046919065088E-004   2.3729046919065088E-004
   19.225000000000001        2.3526234485243355E-004   2.3526234485243355E-004
   19.275000000000002        2.2765688072645017E-004   2.2765688072645017E-004
   19.325000000000003        2.3357224163715425E-004   2.3357224163715425E-004
   19.375000000000004        2.3238916502180609E-004   2.3238916502180609E-004
   19.425000000000004        2.3171312985991837E-004   2.3171312985991837E-004
   19.475000000000001        2.2850193404795691E-004   2.2850193404795691E-004
   19.525000000000002        2.3678343562098740E-004   2.3678343562098740E-004
   19.575000000000003        2.3120609720431653E-004   2.3120609720431653E-004
   19.625000000000004        2.3323422005718357E-004   2.3323422005718357E-004
   19.675000000000004        2.3509333057758220E-004   2.3509333057758220E-004
   19.725000000000001        2.2900896156195232E-004   2.2900896156195232E-004
   19.775000000000002        2.3644541404101594E-004   2.3644541404101594E-004
   19.825000000000003        2.3340322896191185E-004   2.3340322896191185E-004
   19.875000000000004        2.3610739177549870E-004   2.3610739177549870E-004
   19.925000000000004        2.3999462811946905E-004   2.3999462811946905E-004
   19.975000000000001        2.4117770142133770E-004   2.4117770142133770E-004
   20.025000000000002        2.3999462823372702E-004   2.3999462823372702E-004
   20.075000000000003        2.3745947535319022E-004   2.3745947535319022E-004
   20.125000000000004        2.3171312768901760E-004   2.3171312768901760E-004
   20.175000000000004        2.3729046302072536E-004   2.3729046302072536E-004
   20.225000000000001        2.3374124871375739E-004   2.3374124871375739E-004
   20.275000000000002        2.2765688129774012E-004   2.2765688129774012E-004
   20.325000000000003        2.3458630294932855E-004   2.3458630294932855E-004
   20.375000000000004        2.2816391212521325E-004   2.2816391212521325E-004
   20.425000000000004        2.4895217239540756E-004   2.4895217239540756E-004
   20.475000000000001        2.2833292228678132E-004   2.2833292228678132E-004
   20.525000000000002        2.3543135478548333E-004   2.3543135478548333E-004
   20.575000000000003        2.3881155995920497E-004   2.3881155995920497E-004
   20.625000000000004        2.3205114698383034E-004   2.3205114698383034E-004
   20.675000000000004        2.2917797389441894E-004   2.2917797389441894E-004
   20.725000000000001        2.2376965009537382E-004   2.2376965009537382E-004
   20.775000000000002        2.3678343904872469E-004   2.3678343904872469E-004
   20.825000000000003        2.3492432018749914E-004   2.3492432018749914E-004
   20.875000000000004        2.3391026333138213E-004   2.3391026333138213E-004
   20.925000000000004        2.2241756137607554E-004   2.2241756137607554E-004
   20.975000000000001        2.3509333560492964E-004   2.3509333560492964E-004
   21.025000000000002        2.3323422154253461E-004   2.3323422154253461E-004
   21.075000000000003        2.2714985252690712E-004   2.2714985252690712E-004
   21.125000000000004        2.3205114824066691E-004   2.3205114824066691E-004
   21.175000000000004        2.3238916627864350E-004   2.3238916627864350E-004
   21.225000000000001        2.3965660996723426E-004   2.3965660996723426E-004
   21.275000000000002        2.3002302378819097E-004   2.3002302378819097E-004
   21.325000000000003        2.3898056715006646E-004   2.3898056715006646E-004
   21.375000000000004        2.2934698348469782E-004   2.2934698348469782E-004
   21.425000000000004        2.4540296243023862E-004   2.4540296243023862E-004
   21.475000000000001        2.3458630260655478E-004   2.3458630260655478E-004
   21.525000000000002        2.3272718922970673E-004   2.3272718922970673E-004
   21.575000000000003        2.2799489933571457E-004   2.2799489933571457E-004
   21.625000000000004        2.3120609983224715E-004   2.3120609983224715E-004
   21.675000000000004        2.2393865420127344E-004   2.2393865420127344E-004
   21.725000000000001        2.3864254614138497E-004   2.3864254614138497E-004
   21.775000000000002        2.3813551634223294E-004   2.3813551634223294E-004
   21.825000000000003        2.3424827965548849E-004   2.3424827965548849E-004
   21.875000000000004        2.3205115052582471E-004   2.3205115052582471E-004
   21.925000000000004        2.2934698542708171E-004   2.2934698542708171E-004
   21.975000000000001        2.2579776574999306E-004   2.2579776574999306E-004
   22.025000000000002        2.3627640068022915E-004   2.3627640068022915E-004
   22.075000000000003        2.2748786736566111E-004   2.2748786736566111E-004
   22.125000000000004        2.3729046359201355E-004   2.3729046359201355E-004
   22.175000000000004        2.4574097898286178E-004   2.4574097898286178E-004
   22.225000000000001        2.2630480023371990E-004   2.2630480023371990E-004
   22.275000000000002        2.3610739634581467E-004   2.3610739634581467E-004
   22.325000000000003        2.4979722514562638E-004   2.4979722514562638E-004
   22.375000000000004        2.2579776780663519E-004   2.2579776780663519E-004
   22.425000000000004        2.3019203749175216E-004   2.3019203749175216E-004
   22.475000000000001        2.2529073583657934E-004   2.2529073583657934E-004
   22.525000000000002        2.2376964449673784E-004   2.2376964449673784E-004
   22.575000000000003        2.3475531082573655E-004   2.3475531082573655E-004
   22.625000000000004        2.2714984898491165E-004   2.2714984898491165E-004
   22.675000000000004        2.2900896567523644E-004   2.2900896567523644E-004
   22.725000000000001        2.2867094078178827E-004   2.2867094078178827E-004
   22.775000000000002        2.2833292171549070E-004   2.2833292171549070E-004
   22.825000000000003        2.2292459208929249E-004   2.2292459208929249E-004
   22.875000000000004        2.3036104136913579E-004   2.3036104136913579E-004
   22.925000000000004        2.3407927292165879E-004   2.3407927292165879E-004
   22.975000000000001        2.2461469290515555E-004   2.2461469290515555E-004
   23.025000000000002        2.2951598816188526E-004   2.2951598816188526E-004
   23.075000000000003        2.3830452593250878E-004   2.3830452593250878E-004
   23.125000000000004        2.3171312483257034E-004   2.3171312483257034E-004
   23.175000000000004        2.3695244372591193E-004   2.3695244372591193E-004
   23.225000000000001        2.2613578847254130E-004   2.2613578847254130E-004
   23.275000000000002        2.2444568605706742E-004   2.2444568605706742E-004
   23.325000000000003        2.2799489705055626E-004   2.2799489705055626E-004
   23.375000000000004        2.3238916707844984E-004   2.3238916707844984E-004
   23.425000000000004        2.2630480149055601E-004   2.2630480149055601E-004
   23.475000000000001        2.3222015977332830E-004   2.3222015977332830E-004
   23.525000000000002        2.2427667452440663E-004   2.2427667452440663E-004
   23.575000000000003        2.1684022341643777E-004   2.1684022341643777E-004
   23.625000000000004        2.4067067082237870E-004   2.4067067082237870E-004
   23.675000000000004        2.3830452570399363E-004   2.3830452570399363E-004
   23.725000000000001        2.3069906203504283E-004   2.3069906203504283E-004
   23.775000000000002        2.3002302424522206E-004   2.3002302424522206E-004
   23.825000000000003        2.4134671432509300E-004   2.4134671432509300E-004
   23.875000000000004        2.2444568160100945E-004   2.2444568160100945E-004
   23.925000000000004        2.3086807688118188E-004   2.3086807688118188E-004
   23.975000000000001        2.2748786953655963E-004   2.2748786953655963E-004
   24.025000000000002        2.2664282261349429E-004   2.2664282261349429E-004
   24.075000000000003        2.3323422017143962E-004   2.3323422017143962E-004
   24.125000000000004        2.3086808008040334E-004   2.3086808008040334E-004
   24.175000000000004        2.2782589214485289E-004   2.2782589214485289E-004
   24.225000000000001        2.3830452353309481E-004   2.3830452353309481E-004
   24.275000000000002        2.3019203417827183E-004   2.3019203417827183E-004
   24.325000000000003        2.2545974725498522E-004   2.2545974725498522E-004
   24.375000000000004        2.3374124894227208E-004   2.3374124894227208E-004
   24.425000000000004        2.2072745838931085E-004   2.2072745838931085E-004
   24.475000000000001        2.2917797195203573E-004   2.2917797195203573E-004
   24.525000000000002        2.3306521069542036E-004   2.3306521069542036E-004
   24.575000000000003        2.2765688118348039E-004   2.2765688118348039E-004
   24.625000000000004        2.3357224049457242E-004   2.3357224049457242E-004
   24.675000000000004        2.3374125145594540E-004   2.3374125145594540E-004
   24.725000000000001        2.1988241089495748E-004   2.1988241089495748E-004
   24.775000000000002        2.3289620041959497E-004   2.3289620041959497E-004
   24.825000000000003        2.1869933496515768E-004   2.1869933496515768E-004
   24.875000000000004        2.2883994968651730E-004   2.2883994968651730E-004
   24.925000000000004        2.3695244509700682E-004   2.3695244509700682E-004
   24.975000000000001        2.3289619767740687E-004   2.3289619767740687E-004
   25.025000000000002        2.3086807345344570E-004   2.3086807345344570E-004
   25.075000000000003        2.2664281564376302E-004   2.2664281564376302E-004
   25.125000000000004        2.2444568639984157E-004   2.2444568639984157E-004
   25.175000000000004        2.1616417922817540E-004   2.1616417922817540E-004
   25.225000000000001        2.3019203532085184E-004   2.3019203532085184E-004
   25.275000000000002        2.1092486353405530E-004   2.1092486353405530E-004
   25.325000000000003        2.2883995140038547E-004   2.2883995140038547E-004
   25.375000000000004        2.2900895813421631E-004   2.2900895813421631E-004
   25.425000000000004        2.3492432304394466E-004   2.3492432304394466E-004
   25.475000000000001        2.2038943818043666E-004   2.2038943818043666E-004
   25.525000000000002        2.2393865614365620E-004   2.2393865614365620E-004
   25.575000000000003        2.3036104251171428E-004   2.3036104251171428E-004
   25.625000000000004        2.3678343367860132E-004   2.3678343367860132E-004
   25.675000000000004        2.3357224529340517E-004   2.3357224529340517E-004
   25.725000000000001        2.1937537618271489E-004   2.1937537618271489E-004
   25.775000000000002        2.2309360373621236E-004   2.2309360373621236E-004
   25.825000000000003        2.3103708315798163E-004   2.3103708315798163E-004
   25.875000000000004        2.2495271459938414E-004   2.2495271459938414E-004
   25.925000000000004        2.1886834364137189E-004   2.1886834364137189E-004
   25.975000000000001        2.2630479463508284E-004   2.2630479463508284E-004
   26.025000000000002        2.2883995208593290E-004   2.2883995208593290E-004
   26.075000000000003        2.1616418254165556E-004   2.1616418254165556E-004
   26.125000000000004        2.4557196962110073E-004   2.4557196962110073E-004
   26.175000000000004        2.2782588928840547E-004   2.2782588928840547E-004
   26.225000000000001        2.4016363999490337E-004   2.4016363999490337E-004
   26.275000000000002        2.3948759866308672E-004   2.3948759866308672E-004
   26.325000000000003        2.2748787090765698E-004   2.2748787090765698E-004
   26.375000000000004        2.3847353449446708E-004   2.3847353449446708E-004
   26.425000000000004        2.2376964335415857E-004   2.2376964335415857E-004
   26.475000000000001        2.3306520932432718E-004   2.3306520932432718E-004
   26.525000000000002        2.2850193381944136E-004   2.2850193381944136E-004
   26.575000000000003        2.3069906694813110E-004   2.3069906694813110E-004
   26.625000000000004        2.3289620099088619E-004   2.3289620099088619E-004
   26.675000000000004        2.3272719025802839E-004   2.3272719025802839E-004
   26.725000000000001        2.3255817678298268E-004   2.3255817678298268E-004
   26.775000000000002        2.3593838207096188E-004   2.3593838207096188E-004
   26.825000000000003        2.3813551874164775E-004   2.3813551874164775E-004
   26.875000000000004        2.3745947478190154E-004   2.3745947478190154E-004
   26.925000000000004        2.2191053134840754E-004   2.2191053134840754E-004
   26.975000000000001        2.2867093872514505E-004   2.2867093872514505E-004
   27.025000000000002        2.2951599376052148E-004   2.2951599376052148E-004
   27.075000000000003        2.2883995334276871E-004   2.2883995334276871E-004
   27.125000000000004        2.3678343482118024E-004   2.3678343482118024E-004
   27.175000000000004        2.2224854904361036E-004   2.2224854904361036E-004
   27.225000000000001        2.3086807973763000E-004   2.3086807973763000E-004
   27.275000000000002        2.3543135627083545E-004   2.3543135627083545E-004
   27.325000000000003        2.3627640525054341E-004   2.3627640525054341E-004
   27.375000000000004        2.2816391063986021E-004   2.2816391063986021E-004
   27.425000000000004        2.1734725104469036E-004   2.1734725104469036E-004
   27.475000000000001        2.2647380845290273E-004   2.2647380845290273E-004
   27.525000000000002        2.3374124894227230E-004   2.3374124894227230E-004
   27.575000000000003        2.2765688038367497E-004   2.2765688038367497E-004
   27.625000000000004        2.3948759969140881E-004   2.3948759969140881E-004
   27.675000000000004        2.2579776666405512E-004   2.2579776666405512E-004
   27.725000000000001        2.3306521435167320E-004   2.3306521435167320E-004
   27.775000000000002        2.2309360465027492E-004   2.2309360465027492E-004
   27.825000000000003        2.3830452650379895E-004   2.3830452650379895E-004
   27.875000000000004        2.2968500460763671E-004   2.2968500460763671E-004
   27.925000000000004        2.3813551771332623E-004   2.3813551771332623E-004
   27.975000000000001        2.2529073366568138E-004   2.2529073366568138E-004
   28.025000000000002        2.2207953762520447E-004   2.2207953762520447E-004
   28.075000000000003        2.3205114709808823E-004   2.3205114709808823E-004
   28.125000000000004        2.2833292731412716E-004   2.2833292731412716E-004
   28.175000000000004        2.2833292514322731E-004   2.2833292514322731E-004
   28.225000000000001        2.2900896259027480E-004   2.2900896259027480E-004
   28.275000000000002        2.2748786816546705E-004   2.2748786816546705E-004
   28.325000000000003        2.2478370752278200E-004   2.2478370752278200E-004
   28.375000000000004        2.3627640525054509E-004   2.3627640525054509E-004
   28.425000000000004        2.3576937190939636E-004   2.3576937190939636E-004
   28.475000000000001        2.3340322919042817E-004   2.3340322919042817E-004
   28.525000000000002        2.3543135512825813E-004   2.3543135512825813E-004
   28.575000000000003        2.3644541461230529E-004   2.3644541461230529E-004
   28.625000000000004        2.3222015611707711E-004   2.3222015611707711E-004
   28.675000000000004        2.3002302470225388E-004   2.3002302470225388E-004
   28.725000000000001        2.3914957708311764E-004   2.3914957708311764E-004
   28.775000000000002        2.3881155927365841E-004   2.3881155927365841E-004
   28.825000000000003        2.4100869148828546E-004   2.4100869148828546E-004
   28.875000000000004        2.2562875250346345E-004   2.2562875250346345E-004
   28.925000000000004        2.2647380513942254E-004   2.2647380513942254E-004
   28.975000000000001        2.3543135787044547E-004   2.3543135787044547E-004
   29.025000000000002        2.4033265107053280E-004   2.4033265107053280E-004
   29.075000000000003        2.4033264718576448E-004   2.4033264718576448E-004
   29.125000000000004        2.2157250908288992E-004   2.2157250908288992E-004
   29.175000000000004        2.1971339947655325E-004   2.1971339947655325E-004
   29.225000000000001        2.4236077529449427E-004   2.4236077529449427E-004
   29.275000000000002        2.3779749670464672E-004   2.3779749670464672E-004
   29.325000000000003        2.2123448875975652E-004   2.2123448875975652E-004
   29.375000000000004        2.3644541324121141E-004   2.3644541324121141E-004
   29.425000000000004        2.3830452810340942E-004   2.3830452810340942E-004
   29.475000000000001        2.2833292422916451E-004   2.2833292422916451E-004
   29.525000000000002        2.3019203600640049E-004   2.3019203600640049E-004
   29.575000000000003        2.3188213865039085E-004   2.3188213865039085E-004
   29.625000000000004        2.3712145800076150E-004   2.3712145800076150E-004
   29.675000000000004        2.3914957993956547E-004   2.3914957993956547E-004
   29.725000000000001        2.3762848665733824E-004   2.3762848665733824E-004
   29.775000000000002        2.3188213682226431E-004   2.3188213682226431E-004
   29.825000000000003        2.3424828216916401E-004   2.3424828216916401E-004
   29.875000000000004        2.4151572471517525E-004   2.4151572471517525E-004
   29.925000000000004        2.3678343413563574E-004   2.3678343413563574E-004
   29.975000000000001        2.2613578767273804E-004   2.2613578767273804E-004
   30.025000000000002        2.3509333240570839E-004   2.3509333240570839E-004
   30.075000000000003        2.3458630169249123E-004   2.3458630169249123E-004
   30.125000000000004        2.3931859147222791E-004   2.3931859147222791E-004
   30.175000000000004        2.3678343322157188E-004   2.3678343322157188E-004
   30.225000000000001        2.3424828011252101E-004   2.3424828011252101E-004
   30.275000000000002        2.3695244852474422E-004   2.3695244852474422E-004
   30.325000000000003        2.3509333251996555E-004   2.3509333251996555E-004
   30.375000000000004        2.2765688186902937E-004   2.2765688186902937E-004
   30.425000000000004        2.3272718980099855E-004   2.3272718980099855E-004
   30.475000000000001        2.3069906294910582E-004   2.3069906294910582E-004
   30.525000000000002        2.4219176250499596E-004   2.4219176250499596E-004
   30.575000000000003        2.3171312791753383E-004   2.3171312791753383E-004
   30.625000000000004        2.4388186823394960E-004   2.4388186823394960E-004
   30.675000000000004        2.2731886188866675E-004   2.2731886188866675E-004
   30.725000000000001        2.5030425688716472E-004   2.5030425688716472E-004
   30.775000000000002        2.3053005484418082E-004   2.3053005484418082E-004
   30.825000000000003        2.3830453016005269E-004   2.3830453016005269E-004
   30.875000000000004        2.4506494005046442E-004   2.4506494005046442E-004
   30.925000000000004        2.3560036380447131E-004   2.3560036380447131E-004
   30.975000000000001        2.4320582701639249E-004   2.4320582701639249E-004
   31.025000000000002        2.3644541826855895E-004   2.3644541826855895E-004
   31.075000000000003        2.4151572151595428E-004   2.4151572151595428E-004
   31.125000000000004        2.3543135547103057E-004   2.3543135547103057E-004
   31.175000000000004        2.4506494107878551E-004   2.4506494107878551E-004
   31.225000000000001        2.3931858964410180E-004   2.3931858964410180E-004
   31.275000000000002        2.4100869343067008E-004   2.4100869343067008E-004
   31.325000000000003        2.3999463211849415E-004   2.3999463211849415E-004
   31.375000000000004        2.3509333731879707E-004   2.3509333731879707E-004
   31.425000000000004        2.3492432361523570E-004   2.3492432361523570E-004
   31.475000000000001        2.5317743191895903E-004   2.5317743191895903E-004
   31.525000000000002        2.4743108539736387E-004   2.4743108539736387E-004
   31.575000000000003        2.3999463097591566E-004   2.3999463097591566E-004
   31.625000000000004        2.4472691972733088E-004   2.4472691972733088E-004
   31.675000000000004        2.5317743226173258E-004   2.5317743226173258E-004
   31.725000000000001        2.3272718854416160E-004   2.3272718854416160E-004
   31.775000000000002        2.4219176638976575E-004   2.4219176638976575E-004
   31.825000000000003        2.4506493982194962E-004   2.4506493982194962E-004
   31.875000000000004        2.4168473441971020E-004   2.4168473441971020E-004
   31.925000000000004        2.3796651017969197E-004   2.3796651017969197E-004
   31.975000000000001        2.3745947546744995E-004   2.3745947546744995E-004
   32.025000000000006        2.4219176524718552E-004   2.4219176524718552E-004
   32.075000000000003        2.4861416246974342E-004   2.4861416246974342E-004
   32.125000000000000        2.3779749910406292E-004   2.3779749910406292E-004
   32.175000000000004        2.4050166408854805E-004   2.4050166408854805E-004
   32.225000000000001        2.4252978854102654E-004   2.4252978854102654E-004
   32.275000000000006        2.3931859032964858E-004   2.3931859032964858E-004
   32.325000000000003        2.3948760574708043E-004   2.3948760574708043E-004
   32.375000000000000        2.4134671352528839E-004   2.4134671352528839E-004
   32.425000000000004        2.4252978682715674E-004   2.4252978682715674E-004
   32.475000000000001        2.4776910834842854E-004   2.4776910834842854E-004
   32.525000000000006        2.3695245286654392E-004   2.3695245286654392E-004
   32.575000000000003        2.3103709092751946E-004   2.3103709092751946E-004
   32.625000000000000        2.4692405079937993E-004   2.4692405079937993E-004
   32.675000000000004        2.3154412461144167E-004   2.3154412461144167E-004
   32.725000000000001        2.5216336923569103E-004   2.5216336923569103E-004
   32.775000000000006        2.4929019934549984E-004   2.4929019934549984E-004
   32.825000000000003        2.4033265415549789E-004   2.4033265415549789E-004
   32.875000000000000        2.4354384733952538E-004   2.4354384733952538E-004
   32.925000000000004        2.4827613814758372E-004   2.4827613814758372E-004
   32.975000000000001        2.4185374458127862E-004   2.4185374458127862E-004
   33.025000000000006        2.3357224118012370E-004   2.3357224118012370E-004
   33.075000000000003        2.4050166751628618E-004   2.4050166751628618E-004
   33.125000000000000        2.5520556048472064E-004   2.5520556048472064E-004
   33.175000000000004        2.4151572905697696E-004   2.4151572905697696E-004
   33.225000000000001        2.3898057446257367E-004   2.3898057446257367E-004
   33.275000000000006        2.4557197670509157E-004   2.4557197670509157E-004
   33.325000000000003        2.4607899736361498E-004   2.4607899736361498E-004
   33.375000000000000        2.5351545761221353E-004   2.5351545761221353E-004
   33.425000000000004        2.4388187314704034E-004   2.4388187314704034E-004
   33.475000000000001        2.5790972306979063E-004   2.5790972306979063E-004
   33.525000000000006        2.4590999040126913E-004   2.4590999040126913E-004
   33.575000000000003        2.4269879835981946E-004   2.4269879835981946E-004
   33.625000000000000        2.5131831808508176E-004   2.5131831808508176E-004
   33.675000000000004        2.3509333503364017E-004   2.3509333503364017E-004
   33.725000000000001        2.4962821955437685E-004   2.4962821955437685E-004
   33.775000000000006        2.4776910720585265E-004   2.4776910720585265E-004
   33.825000000000003        2.6095190997702108E-004   2.6095190997702108E-004
   33.875000000000000        2.4895218142178258E-004   2.4895218142178258E-004
   33.925000000000004        2.5114931832098431E-004   2.5114931832098431E-004
   33.975000000000001        2.4506494210710898E-004   2.4506494210710898E-004
   34.025000000000006        2.4827613906164709E-004   2.4827613906164709E-004
   34.075000000000003        2.5790971907076475E-004   2.5790971907076475E-004
   34.125000000000000        2.6382508112404891E-004   2.6382508112404891E-004
   34.175000000000004        2.6669826095467318E-004   2.6669826095467318E-004
   34.225000000000001        2.6196596934681155E-004   2.6196596934681155E-004
   34.275000000000006        2.5824774384995713E-004   2.5824774384995713E-004
   34.325000000000003        2.5655764291983605E-004   2.5655764291983605E-004
   34.375000000000000        2.5216337163510704E-004   2.5216337163510704E-004
   34.425000000000004        2.5605061026423397E-004   2.5605061026423397E-004
   34.475000000000001        2.5182535142623063E-004   2.5182535142623063E-004
   34.525000000000006        2.6872638380753827E-004   2.6872638380753827E-004
   34.575000000000003        2.5959982628507048E-004   2.5959982628507048E-004
   34.625000000000000        2.6720528766886379E-004   2.6720528766886379E-004
   34.675000000000004        2.4962822115398846E-004   2.4962822115398846E-004
   34.725000000000001        2.6095190780612128E-004   2.6095190780612128E-004
   34.775000000000006        2.6636023960321963E-004   2.6636023960321963E-004
   34.825000000000003        2.6872638175089972E-004   2.6872638175089972E-004
   34.875000000000000        2.5875477513446387E-004   2.5875477513446387E-004
   34.925000000000004        2.6365607553279706E-004   2.6365607553279706E-004
   34.975000000000001        2.5875477730536231E-004   2.5875477730536231E-004
   35.025000000000006        2.4844515082282507E-004   2.4844515082282507E-004
   35.075000000000003        2.6974044443416821E-004   2.6974044443416821E-004
   35.125000000000000        2.6078289558791333E-004   2.6078289558791333E-004
   35.175000000000004        2.5385348010624963E-004   2.5385348010624963E-004
   35.225000000000001        2.5571259154071296E-004   2.5571259154071296E-004
   35.275000000000006        2.6264201262101268E-004   2.6264201262101268E-004
   35.325000000000003        2.8021908450601060E-004   2.8021908450601060E-004
   35.375000000000000        2.5807873425968058E-004   2.5807873425968058E-004
   35.425000000000004        2.6128992778648257E-004   2.6128992778648257E-004
   35.475000000000001        2.6467013604516650E-004   2.6467013604516650E-004
   35.525000000000006        2.7734590501815506E-004   2.7734590501815506E-004
   35.575000000000003        2.5605060740778918E-004   2.5605060740778918E-004
   35.625000000000000        2.6095191066257122E-004   2.6095191066257122E-004
   35.675000000000004        2.5943081486666790E-004   2.5943081486666790E-004
   35.725000000000001        2.6433211617906478E-004   2.6433211617906478E-004
   35.775000000000006        2.7075450711743908E-004   2.7075450711743908E-004
   35.825000000000003        2.7464174574656812E-004   2.7464174574656812E-004
   35.875000000000000        2.6382508660842923E-004   2.6382508660842923E-004
   35.925000000000004        2.5858576885766480E-004   2.5858576885766480E-004
   35.975000000000001        2.7362768649103375E-004   2.7362768649103375E-004
   36.025000000000006        2.6957143404408640E-004   2.6957143404408640E-004
   36.075000000000003        2.8174017584585355E-004   2.8174017584585355E-004
   36.125000000000000        2.7278263065585117E-004   2.7278263065585117E-004
   36.175000000000004        2.7497976035680477E-004   2.7497976035680477E-004
   36.225000000000001        2.7227559754321916E-004   2.7227559754321916E-004
   36.275000000000006        2.6669826346835038E-004   2.6669826346835038E-004
   36.325000000000003        2.7193758099059849E-004   2.7193758099059849E-004
   36.375000000000000        2.7126153828768707E-004   2.7126153828768707E-004
   36.425000000000004        2.7295164195999808E-004   2.7295164195999808E-004
   36.475000000000001        2.7159955929636733E-004   2.7159955929636733E-004
   36.525000000000006        2.7193758019079166E-004   2.7193758019079166E-004
   36.575000000000003        2.7447273581351607E-004   2.7447273581351607E-004
   36.625000000000000        2.8545840579876828E-004   2.8545840579876828E-004
   36.675000000000004        2.7819096690900750E-004   2.7819096690900750E-004
   36.725000000000001        2.7819095959650294E-004   2.7819095959650294E-004
   36.775000000000006        2.8596543902565747E-004   2.8596543902565747E-004
   36.825000000000003        2.9593703821532969E-004   2.9593703821532969E-004
   36.875000000000000        2.8292324937623882E-004   2.8292324937623882E-004
   36.925000000000004        2.8326126752847408E-004   2.8326126752847408E-004
   36.975000000000001        2.9543000761637184E-004   2.9543000761637184E-004
   37.025000000000006        2.8005007594405476E-004   2.8005007594405476E-004
   37.075000000000003        2.9188079707991564E-004   2.9188079707991564E-004
   37.125000000000000        2.9340188841975990E-004   2.9340188841975990E-004
   37.175000000000004        2.9576803091021180E-004   2.9576803091021180E-004
   37.225000000000001        2.8292325074733541E-004   2.8292325074733541E-004
   37.275000000000006        2.8613444804464762E-004   2.8613444804464762E-004
   37.325000000000003        2.8799356165000960E-004   2.8799356165000960E-004
   37.375000000000000        2.8968366258013035E-004   2.8968366258013035E-004
   37.425000000000004        3.0489458808990685E-004   3.0489458808990685E-004
   37.475000000000001        2.9204980552761402E-004   2.9204980552761402E-004
   37.525000000000006        2.9492298432992045E-004   2.9492298432992045E-004
   37.575000000000003        2.9390892164665131E-004   2.9390892164665131E-004
   37.625000000000000        3.0269745816043818E-004   3.0269745816043818E-004
   37.675000000000004        2.9559902360509305E-004   2.9559902360509305E-004
   37.725000000000001        2.8985267217040945E-004   2.8985267217040945E-004
   37.775000000000006        2.8309226285128748E-004   2.8309226285128748E-004
   37.825000000000003        3.0658468947706126E-004   3.0658468947706126E-004
   37.875000000000000        2.9576803159576048E-004   2.9576803159576048E-004
   37.925000000000004        3.0979588471773313E-004   3.0979588471773313E-004
   37.975000000000001        3.0286646637962209E-004   3.0286646637962209E-004
   38.025000000000006        3.0455656650993948E-004   3.0455656650993948E-004
   38.075000000000003        3.1638728730302550E-004   3.1638728730302550E-004
   38.125000000000000        3.1469718694419354E-004   3.1469718694419354E-004
   38.175000000000004        3.0151438702947120E-004   3.0151438702947120E-004
   38.225000000000001        3.1385213293713948E-004   3.1385213293713948E-004
   38.275000000000006        3.0404953625375400E-004   3.0404953625375400E-004
   38.325000000000003        3.2145759991957027E-004   3.2145759991957027E-004
   38.375000000000007        3.1537323056116768E-004   3.1537323056116768E-004
   38.425000000000004        3.0117636533524313E-004   3.0117636533524313E-004
   38.475000000000001        3.2145760140492232E-004   3.2145760140492232E-004
   38.525000000000006        3.0911985275506633E-004   3.0911985275506633E-004
   38.575000000000003        3.1926046576255822E-004   3.1926046576255822E-004
   38.625000000000007        3.1452817449747084E-004   3.1452817449747084E-004
   38.675000000000004        3.2990811165416732E-004   3.2990811165416732E-004
   38.725000000000001        3.1706333537605822E-004   3.1706333537605822E-004
   38.775000000000006        3.2010551839851850E-004   3.2010551839851850E-004
   38.825000000000003        3.2957009201658050E-004   3.2957009201658050E-004
   38.875000000000007        3.2500681902537169E-004   3.2500681902537169E-004
   38.925000000000004        3.2551384128350156E-004   3.2551384128350156E-004
   38.975000000000001        3.3683753524814137E-004   3.3683753524814137E-004
   39.025000000000006        3.2855603116143766E-004   3.2855603116143766E-004
   39.075000000000003        3.5002034007595073E-004   3.5002034007595073E-004
   39.125000000000007        3.4275289695865068E-004   3.4275289695865068E-004
   39.175000000000004        3.4038674578459817E-004   3.4038674578459817E-004
   39.225000000000001        3.2821801529436259E-004   3.2821801529436259E-004
   39.275000000000006        3.4511904470496631E-004   3.4511904470496631E-004
   39.325000000000003        3.4376695827082593E-004   3.4376695827082593E-004
   39.375000000000007        3.3548545224173847E-004   3.3548545224173847E-004
   39.425000000000004        3.5018934772384640E-004   3.5018934772384640E-004
   39.475000000000001        3.3092217776517545E-004   3.3092217776517545E-004
   39.525000000000006        3.3565446400291634E-004   3.3565446400291634E-004
   39.575000000000003        3.4444299834580396E-004   3.4444299834580396E-004
   39.625000000000007        3.4680914152180513E-004   3.4680914152180513E-004
   39.675000000000004        3.4680914769173070E-004   3.4680914769173070E-004
   39.725000000000001        3.6641433477431652E-004   3.6641433477431652E-004
   39.775000000000006        3.6235809329612795E-004   3.6235809329612795E-004
   39.825000000000003        3.5238648576562716E-004   3.5238648576562716E-004
   39.875000000000007        3.5982293435992373E-004   3.5982293435992373E-004
   39.925000000000004        3.6692136994359229E-004   3.6692136994359229E-004
   39.975000000000001        3.6624532838325859E-004   3.6624532838325859E-004
   40.025000000000006        3.5880887510439255E-004   3.5880887510439255E-004
   40.075000000000003        3.6387918909202969E-004   3.6387918909202969E-004
   40.125000000000007        3.8466744764835647E-004   3.8466744764835647E-004
   40.175000000000004        3.7368177789161918E-004   3.7368177789161918E-004
   40.225000000000001        3.7351277092927311E-004   3.7351277092927311E-004
   40.275000000000006        3.7740001332891155E-004   3.7740001332891155E-004
   40.325000000000003        3.7892110158379308E-004   3.7892110158379308E-004
   40.375000000000007        3.8145625914890276E-004   3.8145625914890276E-004
   40.425000000000004        3.7587891593339988E-004   3.7587891593339988E-004
   40.475000000000001        3.7723099642613007E-004   3.7723099642613007E-004
   40.525000000000006        3.7165366029461857E-004   3.7165366029461857E-004
   40.575000000000003        3.6320314981685883E-004   3.6320314981685883E-004
   40.625000000000007        3.8179428221422673E-004   3.8179428221422673E-004
   40.675000000000004        4.0410364113677052E-004   4.0410364113677052E-004
   40.725000000000001        3.7554089926652014E-004   3.7554089926652014E-004
   40.775000000000006        3.9176588905917760E-004   3.9176588905917760E-004
   40.825000000000003        4.1644138932959491E-004   4.1644138932959491E-004
   40.875000000000007        4.2303278494515661E-004   4.2303278494515661E-004
   40.925000000000004        4.1356821418354255E-004   4.1356821418354255E-004
   40.975000000000001        4.0866691424224177E-004   4.0866691424224177E-004
   41.025000000000006        4.2556794308155416E-004   4.2556794308155416E-004
   41.075000000000003        4.1272316840305760E-004   4.1272316840305760E-004
   41.125000000000007        4.1897654620915695E-004   4.1897654620915695E-004
   41.175000000000004        4.3638460530465585E-004   4.3638460530465585E-004
   41.225000000000001        4.3232835537138390E-004   4.3232835537138390E-004
   41.275000000000006        4.2793409494115356E-004   4.2793409494115356E-004
   41.325000000000003        4.2421586555953179E-004   4.2421586555953179E-004
   41.375000000000007        4.3739867038734462E-004   4.3739867038734462E-004
   41.425000000000004        4.2556794570948778E-004   4.2556794570948778E-004
   41.475000000000001        4.3080726448857358E-004   4.3080726448857358E-004
   41.525000000000006        4.3875075339374833E-004   4.3875075339374833E-004
   41.575000000000003        4.4990542942728367E-004   4.4990542942728367E-004
   41.625000000000007        4.4263798768107360E-004   4.4263798768107360E-004
   41.675000000000004        4.5480673291057927E-004   4.5480673291057927E-004
   41.725000000000001        4.5058147407257875E-004   4.5058147407257875E-004
   41.775000000000006        4.4821532952548688E-004   4.4821532952548688E-004
   41.825000000000003        4.7711608646300541E-004   4.7711608646300541E-004
   41.875000000000007        4.7474994488661541E-004   4.7474994488661541E-004
   41.925000000000004        4.5734188579111759E-004   4.5734188579111759E-004
   41.975000000000001        4.7559499866515586E-004   4.7559499866515586E-004
   42.025000000000006        4.8303145365789454E-004   4.8303145365789454E-004
   42.075000000000003        4.9570722148830585E-004   4.9570722148830585E-004
   42.125000000000007        4.7829916170726006E-004   4.7829916170726006E-004
   42.175000000000004        5.0128456047626474E-004   5.0128456047626474E-004
   42.225000000000001        5.0973507678117971E-004   5.0973507678117971E-004
   42.275000000000006        5.2088975578542087E-004   5.2088975578542087E-004
   42.325000000000003        5.2004470486332981E-004   5.2004470486332981E-004
   42.375000000000007        5.1429835674212288E-004   5.1429835674212288E-004
   42.425000000000004        5.0483378300980445E-004   5.0483378300980445E-004
   42.475000000000001        5.2967829412733632E-004   5.2967829412733632E-004
   42.525000000000006        5.2105877028878732E-004   5.2105877028878732E-004
   42.575000000000003        5.1767856008772071E-004   5.1767856008772071E-004
   42.625000000000007        5.4370615170536596E-004   5.4370615170536596E-004
   42.675000000000004        5.5249468182071474E-004   5.5249468182071474E-004
   42.725000000000001        5.5857905986271691E-004   5.5857905986271691E-004
   42.775000000000006        5.5604391166675640E-004   5.5604391166675640E-004
   42.825000000000003        5.6753660950877819E-004   5.6753660950877819E-004
   42.875000000000007        5.7074779172404855E-004   5.7074779172404855E-004
   42.925000000000004        5.5638192502015921E-004   5.5638192502015921E-004
   42.975000000000001        5.9339518102442172E-004   5.9339518102442172E-004
   43.025000000000006        5.8528268469987103E-004   5.8528268469987103E-004
   43.075000000000003        5.8342356903786773E-004   5.8342356903786773E-004
   43.125000000000007        5.9035299571680452E-004   5.9035299571680452E-004
   43.175000000000004        6.1046521465518168E-004   6.1046521465518168E-004
   43.225000000000001        6.1976078142515810E-004   6.1976078142515810E-004
   43.275000000000006        6.2314098979810253E-004   6.2314098979810253E-004
   43.325000000000003        6.1840870287481464E-004   6.1840870287481464E-004
   43.375000000000007        6.1063423418590253E-004   6.1063423418590253E-004
   43.425000000000004        6.3125349057871342E-004   6.3125349057871342E-004
   43.475000000000001        6.4207014663189078E-004   6.4207014663189078E-004
   43.525000000000006        6.3666181940510785E-004   6.3666181940510785E-004
   43.575000000000003        6.5829514122337862E-004   6.5829514122337862E-004
   43.625000000000007        6.5795711941489434E-004   6.5795711941489434E-004
   43.675000000000004        6.6353445074757546E-004   6.6353445074757546E-004
   43.725000000000001        6.7452012610294662E-004   6.7452012610294662E-004
   43.775000000000006        6.9564641458007292E-004   6.9564641458007292E-004
   43.825000000000003        7.0071672354036206E-004   7.0071672354036206E-004
   43.875000000000007        6.8753391722720038E-004   6.8753391722720038E-004
   43.925000000000004        7.0308286694488128E-004   7.0308286694488128E-004
   43.975000000000001        7.2235003827464536E-004   7.2235003827464536E-004
   44.025000000000006        7.4212424088891920E-004   7.4212424088891920E-004
   44.075000000000003        7.2674430864531556E-004   7.2674430864531556E-004
   44.125000000000007        7.3096957148234565E-004   7.3096957148234565E-004
   44.175000000000004        7.5294090288351146E-004   7.5294090288351146E-004
   44.225000000000001        7.5834923490912629E-004   7.5834923490912629E-004
   44.275000000000006        7.6156043220643654E-004   7.6156043220643654E-004
   44.325000000000003        7.6477162996078268E-004   7.6477162996078268E-004
   44.375000000000007        7.8995416037312455E-004   7.8995416037312455E-004
   44.425000000000004        7.8015155900517069E-004   7.8015155900517069E-004
   44.475000000000001        7.8606693111314728E-004   7.8606693111314728E-004
   44.525000000000006        8.1158748539062039E-004   8.1158748539062039E-004
   44.575000000000003        7.9958774609514198E-004   7.9958774609514198E-004
   44.625000000000007        8.0939035306173772E-004   8.0939035306173772E-004
   44.675000000000004        8.4167130808899312E-004   8.4167130808899312E-004
   44.725000000000001        8.4488250995662026E-004   8.4488250995662026E-004
   44.775000000000006        8.4741767277759269E-004   8.4741767277759269E-004
   44.825000000000003        8.8409289634738797E-004   8.8409289634738797E-004
   44.875000000000007        8.7902258715858079E-004   8.7902258715858079E-004
   44.925000000000004        8.6685384992713128E-004   8.6685384992713128E-004
   44.975000000000001        8.9423352180899058E-004   8.9423352180899058E-004
   45.025000000000006        0.0000000000000000        0.0000000000000000     
   45.075000000000003        0.0000000000000000        0.0000000000000000     
   45.125000000000007        0.0000000000000000        0.0000000000000000     
   45.175000000000004        0.0000000000000000        0.0000000000000000     
   45.225000000000001        0.0000000000000000        0.0000000000000000     
   45.275000000000006        0.0000000000000000        0.0000000000000000     
   45.325000000000003        0.0000000000000000        0.0000000000000000     
   45.375000000000007        0.0000000000000000        0.0000000000000000     
   45.425000000000004        0.0000000000000000        0.0000000000000000     
   45.475000000000001        0.0000000000000000        0.0000000000000000     
   45.525000000000006        0.0000000000000000        0.0000000000000000     
   45.575000000000003        0.0000000000000000        0.0000000000000000     
   45.625000000000007        0.0000000000000000        0.0000000000000000     
   45.675000000000004        0.0000000000000000        0.0000000000000000     
   45.725000000000001        0.0000000000000000        0.0000000000000000     
   45.775000000000006        0.0000000000000000        0.0000000000000000     
   45.825000000000003        0.0000000000000000        0.0000000000000000     
   45.875000000000007        0.0000000000000000        0.0000000000000000     
   45.925000000000004        0.0000000000000000        0.0000000000000000     
   45.975000000000001        0.0000000000000000        0.0000000000000000     
   46.025000000000006        0.0000000000000000        0.0000000000000000     
   46.075000000000003        0.0000000000000000        0.0000000000000000     
   46.125000000000007        0.0000000000000000        0.0000000000000000     
   46.175000000000004        0.0000000000000000        0.0000000000000000     
   46.225000000000001        0.0000000000000000        0.0000000000000000     
   46.275000000000006        0.0000000000000000        0.0000000000000000     
   46.325000000000003        0.0000000000000000        0.0000000000000000     
   46.375000000000007        0.0000000000000000        0.0000000000000000     
   46.425000000000004        0.0000000000000000        0.0000000000000000     
   46.475000000000001        0.0000000000000000        0.0000000000000000     
   46.525000000000006        0.0000000000000000        0.0000000000000000     
   46.575000000000003        0.0000000000000000        0.0000000000000000     
   46.625000000000007        0.0000000000000000        0.0000000000000000     
   46.675000000000004        0.0000000000000000        0.0000000000000000     
   46.725000000000001        0.0000000000000000        0.0000000000000000     
   46.775000000000006        0.0000000000000000        0.0000000000000000     
   46.825000000000003        0.0000000000000000        0.0000000000000000     
   46.875000000000007        0.0000000000000000        0.0000000000000000     
   46.925000000000004        0.0000000000000000        0.0000000000000000     
   46.975000000000001        0.0000000000000000        0.0000000000000000     
   47.025000000000006        0.0000000000000000        0.0000000000000000     
   47.075000000000003        0.0000000000000000        0.0000000000000000     
   47.125000000000007        0.0000000000000000        0.0000000000000000     
   47.175000000000004        0.0000000000000000        0.0000000000000000     
   47.225000000000001        0.0000000000000000        0.0000000000000000     
   47.275000000000006        0.0000000000000000        0.0000000000000000     
   47.325000000000003        0.0000000000000000        0.0000000000000000     
   47.375000000000007        0.0000000000000000        0.0000000000000000     
   47.425000000000004        0.0000000000000000        0.0000000000000000     
   47.475000000000001        0.0000000000000000        0.0000000000000000     
   47.525000000000006        0.0000000000000000        0.0000000000000000     
   47.575000000000003        0.0000000000000000        0.0000000000000000     
   47.625000000000007        0.0000000000000000        0.0000000000000000     
   47.675000000000004        0.0000000000000000        0.0000000000000000     
   47.725000000000001        0.0000000000000000        0.0000000000000000     
   47.775000000000006        0.0000000000000000        0.0000000000000000     
   47.825000000000003        0.0000000000000000        0.0000000000000000     
   47.875000000000007        0.0000000000000000        0.0000000000000000     
   47.925000000000004        0.0000000000000000        0.0000000000000000     
   47.975000000000001        0.0000000000000000        0.0000000000000000     
   48.025000000000006        0.0000000000000000        0.0000000000000000     
   48.075000000000003        0.0000000000000000        0.0000000000000000     
   48.125000000000007        0.0000000000000000        0.0000000000000000     
   48.175000000000004        0.0000000000000000        0.0000000000000000     
   48.225000000000001        0.0000000000000000        0.0000000000000000     
   48.275000000000006        0.0000000000000000        0.0000000000000000     
   48.325000000000003        0.0000000000000000        0.0000000000000000     
   48.375000000000007        0.0000000000000000        0.0000000000000000     
   48.425000000000004        0.0000000000000000        0.0000000000000000     
   48.475000000000001        0.0000000000000000        0.0000000000000000     
   48.525000000000006        0.0000000000000000        0.0000000000000000     
   48.575000000000003        0.0000000000000000        0.0000000000000000     
   48.625000000000007        0.0000000000000000        0.0000000000000000     
   48.675000000000004        0.0000000000000000        0.0000000000000000     
   48.725000000000001        0.0000000000000000        0.0000000000000000     
   48.775000000000006        0.0000000000000000        0.0000000000000000     
   48.825000000000003        0.0000000000000000        0.0000000000000000     
   48.875000000000007        0.0000000000000000        0.0000000000000000     
   48.925000000000004        0.0000000000000000        0.0000000000000000     
   48.975000000000001        0.0000000000000000        0.0000000000000000     
   49.025000000000006        0.0000000000000000        0.0000000000000000     
   49.075000000000003        0.0000000000000000        0.0000000000000000     
   49.125000000000007        0.0000000000000000        0.0000000000000000     
   49.175000000000004        0.0000000000000000        0.0000000000000000     
   49.225000000000001        0.0000000000000000        0.0000000000000000     
   49.275000000000006        0.0000000000000000        0.0000000000000000     
   49.325000000000003        0.0000000000000000        0.0000000000000000     
   49.375000000000007        0.0000000000000000        0.0000000000000000     
   49.425000000000004        0.0000000000000000        0.0000000000000000     
   49.475000000000001        0.0000000000000000        0.0000000000000000     
   49.525000000000006        0.0000000000000000        0.0000000000000000     
   49.575000000000003        0.0000000000000000        0.0000000000000000     
   49.625000000000007        0.0000000000000000        0.0000000000000000     
   49.675000000000004        0.0000000000000000        0.0000000000000000     
   49.725000000000001        0.0000000000000000        0.0000000000000000     
   49.775000000000006        0.0000000000000000        0.0000000000000000     
   49.825000000000003        0.0000000000000000        0.0000000000000000     
   49.875000000000007        0.0000000000000000        0.0000000000000000     
   49.925000000000004        0.0000000000000000        0.0000000000000000     
   49.975000000000001        0.0000000000000000        0.0000000000000000     
