0.000000     0.000118018381982
0.100000     0.000109509140491
0.200000     0.000119634380366
0.300000     0.000093298656701
0.400000     0.000108347641652
0.500000     0.000100949399051
0.600000     0.000111478638521
0.700000     0.000122740127260
0.800000     0.000116553883446
0.900000     0.000126679123321
1.000000     0.000106075143925
1.100000     0.000097414402586
1.200000     0.000077290172710
1.300000     0.000106075143925
1.400000     0.000115316634683
1.500000     0.000152762347238
1.600000     0.000121629128371
1.700000     0.000124633875366
1.800000     0.000095924654075
1.900000     0.000085546914453
2.000000     0.000133420866579
2.100000     0.000121351378649
2.200000     0.000113321886678
2.300000     0.000177406322594
2.400000     0.000100949399051
2.500000     0.000120997879002
2.600000     0.000150338349662
2.700000     0.000093551156449
2.800000     0.000161271588728
2.900000     0.000127815372185
3.000000     0.000106024643975
3.100000     0.000155539844460
3.200000     0.000096934653065
3.300000     0.000077668922331
3.400000     0.000151095848904
3.500000     0.000119205130795
3.600000     0.000090521159479
3.700000     0.000100343399657
3.800000     0.000146096353904
3.900000     0.000122613877386
4.000000     0.000104307645692
4.100000     0.000119861630138
4.200000     0.000151954348046
4.300000     0.000120063629936
4.400000     0.000110014139986
4.500000     0.000147207352793
4.600000     0.000104989395011
4.700000     0.000122007877992
4.800000     0.000115215634784
4.900000     0.000124659125341
5.000000     0.000073704676295
5.100000     0.000177633572366
5.200000     0.000101681648318
5.300000     0.000136147863852
5.400000     0.000100242399758
5.500000     0.000113473386527
5.600000     0.000140440359560
5.700000     0.000107160892839
5.800000     0.000104509645490
5.900000     0.000161170588829
6.000000     0.000128067871932
6.100000     0.000106277143723
6.200000     0.000148495101505
6.300000     0.000099636400364
6.400000     0.000104661145339
6.500000     0.000110822139178
6.600000     0.000089814160186
6.700000     0.000091783658216
6.800000     0.000138824361176
6.900000     0.000112589637410
7.000000     0.000081860418140
7.100000     0.000096278153722
7.200000     0.000100217149783
7.300000     0.000141399858600
7.400000     0.000118700131300
7.500000     0.000094510655489
7.600000     0.000105671144329
7.700000     0.000102237147763
7.800000     0.000112867387133
7.900000     0.000113044136956
8.000000     0.000119306130694
8.100000     0.000090420159580
8.200000     0.000081027168973
8.300000     0.000110367639632
8.400000     0.000071432178568
8.500000     0.000134228865771
8.600000     0.000128320371680
8.700000     0.000085016664983
8.800000     0.000119811130189
8.900000     0.000103449146551
9.000000     0.000074108675891
9.100000     0.000094106655893
9.200000     0.000097793152207
9.300000     0.000144707605292
9.400000     0.000102161397839
9.500000     0.000092717907282
9.600000     0.000143647106353
9.700000     0.000110620139380
9.800000     0.000137056862943
9.900000     0.000098550651449
10.000000     0.000095823654176
10.100000     0.000147813352187
10.200000     0.000184653065347
10.300000     0.000122790627209
10.400000     0.000103550146450
10.500000     0.000164680335320
10.600000     0.000076987173013
10.700000     0.000125744874255
10.800000     0.000148015351985
10.900000     0.000110847389153
11.000000     0.000126325623674
11.100000     0.000084789415211
11.200000     0.000107539642460
11.300000     0.000125669124331
11.400000     0.000126148873851
11.500000     0.000095192404808
11.600000     0.000127386122614
11.700000     0.000139783860216
11.800000     0.000131047368953
11.900000     0.000108701141299
12.000000     0.000101227148773
12.100000     0.000158292091708
12.200000     0.000167180082820
12.300000     0.000118801131199
12.400000     0.000134481365519
12.500000     0.000092010907989
12.600000     0.000122411877588
12.700000     0.000163493586506
12.800000     0.000148343601656
12.900000     0.000165513584486
13.000000     0.000107413392587
13.100000     0.000112614887385
13.200000     0.000108600141400
13.300000     0.000130542369458
13.400000     0.000121578628421
13.500000     0.000106504393496
13.600000     0.000087491162509
13.700000     0.000134784365216
13.800000     0.000124886375114
13.900000     0.000119230380770
14.000000     0.000108170891829
14.100000     0.000145465104535
14.200000     0.000104534895465
14.300000     0.000152358347642
14.400000     0.000137056862943
14.500000     0.000122942127058
14.600000     0.000154580345420
14.700000     0.000160539339461
14.800000     0.000087617412383
14.900000     0.000097389152611
15.000000     0.000102893647106
15.100000     0.000119003130997
15.200000     0.000152711847288
15.300000     0.000133067366933
15.400000     0.000154858095142
15.500000     0.000129986870013
15.600000     0.000135642864357
15.700000     0.000113145136855
15.800000     0.000080294919705
15.900000     0.000088829411171
16.000000     0.000125719624280
16.100000     0.000099257650742
16.200000     0.000117235632764
16.300000     0.000101151398849
16.400000     0.000096631653368
16.500000     0.000122260377740
16.600000     0.000111200888799
16.700000     0.000124886375114
16.800000     0.000090571659428
16.900000     0.000124356125644
17.000000     0.000125643874356
17.100000     0.000100318149682
17.200000     0.000136021613978
17.300000     0.000100040399960
17.400000     0.000117260882739
17.500000     0.000118977881022
17.600000     0.000130870619129
17.700000     0.000141955358045
17.800000     0.000090521159479
17.900000     0.000149429350571
18.000000     0.000109610140390
18.100000     0.000103928896071
18.200000     0.000135440864559
18.300000     0.000134481365519
18.400000     0.000121300878699
18.500000     0.000093601656398
18.600000     0.000112791637208
18.700000     0.000102969397031
18.800000     0.000125669124331
18.900000     0.000106378143622
19.000000     0.000118068881931
19.100000     0.000135617614382
19.200000     0.000112766387234
19.300000     0.000114862135138
19.400000     0.000089384910615
19.500000     0.000116048883951
19.600000     0.000107059892940
19.700000     0.000157761842238
19.800000     0.000141399858600
19.900000     0.000101631148369
20.000000     0.000130037369963
20.100000     0.000085016664983
20.200000     0.000145035854964
20.300000     0.000116907383093
20.400000     0.000080900919099
20.500000     0.000102161397839
20.600000     0.000107160892839
20.700000     0.000125290374710
20.800000     0.000142409857590
20.900000     0.000122740127260
21.000000     0.000145717604282
21.100000     0.000096833653166
21.200000     0.000175133824866
21.300000     0.000111251388749
21.400000     0.000126780123220
21.500000     0.000094763155237
21.600000     0.000104989395011
21.700000     0.000150742349258
21.800000     0.000105216644783
21.900000     0.000110190889809
22.000000     0.000083653166347
22.100000     0.000117437632562
22.200000     0.000129557620442
22.300000     0.000126552873447
22.400000     0.000124886375114
22.500000     0.000125037874962
22.600000     0.000134582365418
22.700000     0.000110822139178
22.800000     0.000091379658620
22.900000     0.000127007372993
23.000000     0.000104509645490
23.100000     0.000100999899000
23.200000     0.000128370871629
23.300000     0.000139329360671
23.400000     0.000145338854661
23.500000     0.000101429148571
23.600000     0.000095217654782
23.700000     0.000150767599232
23.800000     0.000113170386830
23.900000     0.000156297343703
24.000000     0.000117488132512
24.100000     0.000120063629936
24.200000     0.000134582365418
24.300000     0.000102817897182
24.400000     0.000127386122614
24.500000     0.000116553883446
24.600000     0.000088930411070
24.700000     0.000117942632057
24.800000     0.000099055650944
24.900000     0.000111958388042
25.000000     0.000081910918089
25.100000     0.000085799414201
25.200000     0.000162483587516
25.300000     0.000129835370165
25.400000     0.000111503888496
25.500000     0.000083956166044
25.600000     0.000107186142814
25.700000     0.000180865569134
25.800000     0.000104029895970
25.900000     0.000114306635693
26.000000     0.000101479648520
26.100000     0.000100040399960
26.200000     0.000146399353601
26.300000     0.000103247146753
26.400000     0.000100166649833
26.500000     0.000148848601151
26.600000     0.000124356125644
26.700000     0.000135466114534
26.800000     0.000115846884153
26.900000     0.000114634885365
27.000000     0.000110317139683
27.100000     0.000132739117261
27.200000     0.000103928896071
27.300000     0.000169275830724
27.400000     0.000109079890920
27.500000     0.000100217149783
27.600000     0.000083855166145
27.700000     0.000138799111201
27.800000     0.000102237147763
27.900000     0.000084865165135
28.000000     0.000129658620341
28.100000     0.000132259367741
28.200000     0.000116983133017
28.300000     0.000148570851429
28.400000     0.000127790122210
28.500000     0.000139985860014
28.600000     0.000116276133724
28.700000     0.000184425815574
28.800000     0.000107059892940
28.900000     0.000133420866579
29.000000     0.000112892637107
29.100000     0.000089788910211
29.200000     0.000114836885163
29.300000     0.000099005150995
29.400000     0.000151701848298
29.500000     0.000086506413494
29.600000     0.000130542369458
29.700000     0.000159781840218
29.800000     0.000137385112615
29.900000     0.000152105847894
30.000000     0.000152964347036
30.100000     0.000105014644985
30.200000     0.000159428340572
30.300000     0.000096177153823
30.400000     0.000119432380568
30.500000     0.000106782143218
30.600000     0.000158418341582
30.700000     0.000087061912938
30.800000     0.000147661852338
30.900000     0.000090975659024
31.000000     0.000162963337037
31.100000     0.000088324411676
31.200000     0.000141425108575
31.300000     0.000107943642056
31.400000     0.000132006867993
31.500000     0.000100797899202
31.600000     0.000107842642157
31.700000     0.000131754368246
31.800000     0.000083476416524
31.900000     0.000086708413292
32.000000     0.000135163114837
32.100000     0.000096404403596
32.200000     0.000125088374912
32.300000     0.000130441369559
32.400000     0.000119356630643
32.500000     0.000134582365418
32.600000     0.000147611352389
32.700000     0.000100974649025
32.800000     0.000143167356833
32.900000     0.000150060599939
33.000000     0.000095672154328
33.100000     0.000115973134027
33.200000     0.000102716897283
33.300000     0.000113422886577
33.400000     0.000105393394607
33.500000     0.000065675184325
33.600000     0.000086607413393
33.700000     0.000160337339663
33.800000     0.000109357640642
33.900000     0.000094737905262
34.000000     0.000144126855873
34.100000     0.000107741642258
34.200000     0.000124078375922
34.300000     0.000134860115140
34.400000     0.000118624381376
34.500000     0.000092616907383
34.600000     0.000153292596707
34.700000     0.000160211089789
34.800000     0.000123952126048
34.900000     0.000089107160893
35.000000     0.000099055650944
35.100000     0.000148495101505
35.200000     0.000140920109080
35.300000     0.000128093121907
35.400000     0.000086885163115
35.500000     0.000130037369963
35.600000     0.000129052620947
35.700000     0.000134582365418
35.800000     0.000118422381578
35.900000     0.000146879103121
36.000000     0.000106226643773
36.100000     0.000106857893142
36.200000     0.000105746894253
36.300000     0.000155640844359
36.400000     0.000121452378548
36.500000     0.000063478436522
36.600000     0.000092743157257
36.700000     0.000136526613473
36.800000     0.000097944652055
36.900000     0.000136425613574
37.000000     0.000120366629633
37.100000     0.000132991617008
37.200000     0.000126931623068
37.300000     0.000091455408545
37.400000     0.000112210887789
37.500000     0.000115973134027
37.600000     0.000132360367640
37.700000     0.000135264114736
37.800000     0.000128244621755
37.900000     0.000101833148167
38.000000     0.000096707403293
38.100000     0.000120568629431
38.200000     0.000092010907989
38.300000     0.000128648621351
38.400000     0.000146677103323
38.500000     0.000113018886981
38.600000     0.000144732855267
38.700000     0.000113549136451
38.800000     0.000120947379053
38.900000     0.000100267649732
39.000000     0.000102565397435
39.100000     0.000139253610746
39.200000     0.000107564892435
39.300000     0.000143419856580
39.400000     0.000148015351985
39.500000     0.000117639632360
39.600000     0.000132638117362
39.700000     0.000099888900111
39.800000     0.000089586910413
39.900000     0.000119558630441
40.000000     0.000115695384305
40.100000     0.000181446318554
40.200000     0.000139001110999
40.300000     0.000096858903141
40.400000     0.000117917382083
40.500000     0.000107817392183
40.600000     0.000107590142410
40.700000     0.000129810120190
40.800000     0.000102565397435
40.900000     0.000100292899707
41.000000     0.000098828401172
41.100000     0.000125669124331
41.200000     0.000108625391375
41.300000     0.000102211897788
41.400000     0.000149025350975
41.500000     0.000095672154328
41.600000     0.000127158872841
41.700000     0.000099080900919
41.800000     0.000139682860317
41.900000     0.000140238359762
42.000000     0.000116048883951
42.100000     0.000128800121200
42.200000     0.000123876376124
42.300000     0.000090697909302
42.400000     0.000110973639026
42.500000     0.000131097868902
42.600000     0.000114660135340
42.700000     0.000099080900919
42.800000     0.000088753661246
42.900000     0.000109610140390
43.000000     0.000112766387234
43.100000     0.000144985355015
43.200000     0.000111074638925
43.300000     0.000090824159176
43.400000     0.000186067063933
43.500000     0.000133168366832
43.600000     0.000110569639430
43.700000     0.000101530148470
43.800000     0.000103095646904
43.900000     0.000114331885668
44.000000     0.000083627916372
44.100000     0.000132461367539
44.200000     0.000128042621957
44.300000     0.000116351883648
44.400000     0.000118018381982
44.500000     0.000101025148975
44.600000     0.000130567619432
44.700000     0.000094712655287
44.800000     0.000112614887385
44.900000     0.000109509140491
45.000000     0.000121023128977
45.100000     0.000104181395819
45.200000     0.000139480860519
45.300000     0.000154302595697
45.400000     0.000128219371781
45.500000     0.000116276133724
45.600000     0.000134254115746
45.700000     0.000092869407131
45.800000     0.000117109382891
45.900000     0.000093222906777
46.000000     0.000146374103626
46.100000     0.000114836885163
46.200000     0.000146096353904
46.300000     0.000098298151702
46.400000     0.000088122411878
46.500000     0.000181825068175
46.600000     0.000125290374710
46.700000     0.000103297646702
46.800000     0.000101227148773
46.900000     0.000168594081406
47.000000     0.000094712655287
47.100000     0.000142106857893
47.200000     0.000119987880012
47.300000     0.000105292394708
47.400000     0.000122462377538
47.500000     0.000091101908898
47.600000     0.000112008887991
47.700000     0.000100595899404
47.800000     0.000110443389557
47.900000     0.000130592869407
48.000000     0.000108600141400
48.100000     0.000083425916574
48.200000     0.000128143621856
48.300000     0.000125921624078
48.400000     0.000113877386123
48.500000     0.000132688617311
48.600000     0.000132890617109
48.700000     0.000142081607918
48.800000     0.000108423391577
48.900000     0.000130870619129
49.000000     0.000110241389759
49.100000     0.000166271083729
49.200000     0.000134506615493
49.300000     0.000131931118069
49.400000     0.000107034642965
49.500000     0.000148091101909
49.600000     0.000094485405515
49.700000     0.000092692657307
49.800000     0.000121098878901
49.900000     0.000101656398344
50.000000     0.000117008382992
50.100000     0.000115417634582
50.200000     0.000147055852944
50.300000     0.000108145641854
50.400000     0.000103373396627
50.500000     0.000117185132815
50.600000     0.000123093626906
50.700000     0.000121730128270
50.800000     0.000165791334209
50.900000     0.000101934148066
51.000000     0.000158847591152
51.100000     0.000110544389456
51.200000     0.000105469144531
51.300000     0.000094965155035
51.400000     0.000131830118170
51.500000     0.000161902838097
51.600000     0.000119508130492
51.700000     0.000093626906373
51.800000     0.000124861125139
51.900000     0.000123043126957
52.000000     0.000120922129078
52.100000     0.000083274416726
52.200000     0.000090521159479
52.300000     0.000139884860115
52.400000     0.000123649126351
52.500000     0.000103802646197
52.600000     0.000113220886779
52.700000     0.000078830421170
52.800000     0.000117134632865
52.900000     0.000115947884052
53.000000     0.000122437127563
53.100000     0.000109332390668
53.200000     0.000135668114332
53.300000     0.000129734370266
53.400000     0.000161498838501
53.500000     0.000139682860317
53.600000     0.000111680638319
53.700000     0.000159201090799
53.800000     0.000111781638218
53.900000     0.000148192101808
54.000000     0.000099131400869
54.100000     0.000136476113524
54.200000     0.000120139379861
54.300000     0.000130794869205
54.400000     0.000105090394910
54.500000     0.000132612867387
54.600000     0.000171800828199
54.700000     0.000158191091809
54.800000     0.000134153115847
54.900000     0.000111655388345
55.000000     0.000106756893243
55.100000     0.000098575901424
55.200000     0.000100469649530
55.300000     0.000114786385214
55.400000     0.000104787395213
55.500000     0.000082744167256
55.600000     0.000157484092516
55.700000     0.000153646096354
55.800000     0.000108221391779
55.900000     0.000098702151298
56.000000     0.000094687405313
56.100000     0.000109155640844
56.200000     0.000120972629027
56.300000     0.000137233612766
56.400000     0.000095015654984
56.500000     0.000070245429755
56.600000     0.000100368649631
56.700000     0.000129204120796
56.800000     0.000110897889102
56.900000     0.000135087364913
57.000000     0.000089056660943
57.100000     0.000087011412989
57.200000     0.000137688112312
57.300000     0.000107438642561
57.400000     0.000121275628724
57.500000     0.000119053630946
57.600000     0.000085597414403
57.700000     0.000097389152611
57.800000     0.000110670639329
57.900000     0.000120619129381
58.000000     0.000110569639430
58.100000     0.000117942632057
58.200000     0.000108448641551
58.300000     0.000167255832744
58.400000     0.000090596909403
58.500000     0.000119760630239
58.600000     0.000140692859307
58.700000     0.000100823149177
58.800000     0.000152585597414
58.900000     0.000113372386628
59.000000     0.000138344611655
59.100000     0.000103777396223
59.200000     0.000100772649227
59.300000     0.000122487627512
59.400000     0.000113018886981
59.500000     0.000116326633673
59.600000     0.000132032117968
59.700000     0.000103398646601
59.800000     0.000114104635895
59.900000     0.000097237652762
60.000000     0.000118750631249
60.100000     0.000096783153217
60.200000     0.000145364104636
60.300000     0.000127259872740
60.400000     0.000098550651449
60.500000     0.000093475406525
60.600000     0.000111756388244
60.700000     0.000159756590243
60.800000     0.000093525906474
60.900000     0.000093727906272
61.000000     0.000109029390971
61.100000     0.000080219169781
61.200000     0.000109433390567
61.300000     0.000112286637713
61.400000     0.000138218361782
61.500000     0.000102944147056
61.600000     0.000096656903343
61.700000     0.000178618321382
61.800000     0.000120997879002
61.900000     0.000109711140289
62.000000     0.000136905363095
62.100000     0.000114104635895
62.200000     0.000099888900111
62.300000     0.000163847086153
62.400000     0.000166144833855
62.500000     0.000121124128876
62.600000     0.000089309160691
62.700000     0.000119811130189
62.800000     0.000115619634380
62.900000     0.000079916170084
63.000000     0.000123851126149
63.100000     0.000112842137158
63.200000     0.000131628118372
63.300000     0.000173391576608
63.400000     0.000132991617008
63.500000     0.000123750126250
63.600000     0.000097363902636
63.700000     0.000143419856580
63.800000     0.000104711645288
63.900000     0.000090925159075
64.000000     0.000085117664882
64.100000     0.000100873649126
64.200000     0.000211670538329
64.300000     0.000144631855368
64.400000     0.000125997374003
64.500000     0.000134834865165
64.600000     0.000123699626300
64.700000     0.000135339864660
64.800000     0.000121124128876
64.900000     0.000142056357944
65.000000     0.000149000101000
65.100000     0.000106681143319
65.200000     0.000066028683971
65.300000     0.000110695889304
65.400000     0.000131804868195
65.500000     0.000177835572164
65.600000     0.000068932431068
65.700000     0.000117690132310
65.800000     0.000107792142208
65.900000     0.000105595394405
66.000000     0.000098828401172
66.100000     0.000086102413898
66.200000     0.000123825876174
66.300000     0.000113195636804
66.400000     0.000122689627310
66.500000     0.000092743157257
66.600000     0.000163241086759
66.700000     0.000102388647611
66.800000     0.000116250883749
66.900000     0.000151045348955
67.000000     0.000122033127967
67.100000     0.000121477628522
67.200000     0.000124356125644
67.300000     0.000114963135037
67.400000     0.000131400868599
67.500000     0.000084385415615
67.600000     0.000127916372084
67.700000     0.000108701141299
67.800000     0.000111882638117
67.900000     0.000078325421675
68.000000     0.000119129380871
68.100000     0.000102691647308
68.200000     0.000151398848601
68.300000     0.000141324108676
68.400000     0.000115771134229
68.500000     0.000105090394910
68.600000     0.000086203413797
68.700000     0.000101530148470
68.800000     0.000158090091910
68.900000     0.000109433390567
69.000000     0.000083855166145
69.100000     0.000114912635087
69.200000     0.000097464902535
69.300000     0.000119003130997
69.400000     0.000120871629128
69.500000     0.000102262397738
69.600000     0.000103297646702
69.700000     0.000132082617917
69.800000     0.000128093121907
69.900000     0.000117488132512
70.000000     0.000124835875164
70.100000     0.000092894657105
70.200000     0.000103726896273
70.300000     0.000115013634986
70.400000     0.000093046156954
70.500000     0.000122411877588
70.600000     0.000123017876982
70.700000     0.000101504898495
70.800000     0.000122916877083
70.900000     0.000123472376528
71.000000     0.000119659630340
71.100000     0.000077921422079
71.200000     0.000173770326230
71.300000     0.000097515402485
71.400000     0.000110569639430
71.500000     0.000100999899000
71.600000     0.000132410867589
71.700000     0.000123623876376
71.800000     0.000115392384608
71.900000     0.000095848904151
72.000000     0.000134456115544
72.100000     0.000109534390466
72.200000     0.000130693869306
72.300000     0.000133370366630
72.400000     0.000116250883749
72.500000     0.000122613877386
72.600000     0.000146601353399
72.700000     0.000094763155237
72.800000     0.000145641854358
72.900000     0.000171826078174
73.000000     0.000119609130391
73.100000     0.000122664377336
73.200000     0.000100419149581
73.300000     0.000152787597212
73.400000     0.000108095141905
73.500000     0.000073149176851
73.600000     0.000077921422079
73.700000     0.000115922634077
73.800000     0.000112589637410
73.900000     0.000124608625391
74.000000     0.000124179375821
74.100000     0.000128774871225
74.200000     0.000106049893950
74.300000     0.000080092919907
74.400000     0.000136678113322
74.500000     0.000098777901222
74.600000     0.000136450863549
74.700000     0.000147889102111
74.800000     0.000113246136754
74.900000     0.000095394404606
75.000000     0.000110014139986
75.100000     0.000112968387032
75.200000     0.000104055145945
75.300000     0.000094056155944
75.400000     0.000134405615594
75.500000     0.000157837592162
75.600000     0.000080446419554
75.700000     0.000111604888395
75.800000     0.000089107160893
75.900000     0.000142460357540
76.000000     0.000107691142309
76.100000     0.000096126653873
76.200000     0.000092389657610
76.300000     0.000113574386426
76.400000     0.000099939400061
76.500000     0.000116503383497
76.600000     0.000120316129684
76.700000     0.000107059892940
76.800000     0.000099030400970
76.900000     0.000116604383396
77.000000     0.000132208867791
77.100000     0.000128951621048
77.200000     0.000156625593374
77.300000     0.000109231390769
77.400000     0.000114887385113
77.500000     0.000102843147157
77.600000     0.000119255630744
77.700000     0.000139657610342
77.800000     0.000140768609231
77.900000     0.000106352893647
78.000000     0.000145288354712
78.100000     0.000108145641854
78.200000     0.000092717907282
78.300000     0.000151575598424
78.400000     0.000136602363398
78.500000     0.000091531158469
78.600000     0.000105873144127
78.700000     0.000110796889203
78.800000     0.000114357135643
78.900000     0.000132612867387
79.000000     0.000104534895465
79.100000     0.000111983638016
79.200000     0.000153065346935
79.300000     0.000101151398849
79.400000     0.000142864357136
79.500000     0.000110998889001
79.600000     0.000090495909504
79.700000     0.000108044641955
79.800000     0.000131123118877
79.900000     0.000141753358247
80.000000     0.000140162609837
80.100000     0.000161423088577
80.200000     0.000075674174326
80.300000     0.000113523886476
80.400000     0.000137839612160
80.500000     0.000082769417231
80.600000     0.000118397131603
80.700000     0.000152838097162
80.800000     0.000157256842743
80.900000     0.000167003332997
81.000000     0.000120543379457
81.100000     0.000108095141905
81.200000     0.000074386425614
81.300000     0.000148293101707
81.400000     0.000106782143218
81.500000     0.000135137864862
81.600000     0.000089788910211
81.700000     0.000095141904858
81.800000     0.000106125643874
81.900000     0.000099611150389
82.000000     0.000156549843450
82.100000     0.000117917382083
82.200000     0.000121048378952
82.300000     0.000126855873144
82.400000     0.000150489849510
82.500000     0.000093955156045
82.600000     0.000135365114635
82.700000     0.000126527623472
82.800000     0.000116048883951
82.900000     0.000074638925361
83.000000     0.000081885668114
83.100000     0.000096555903444
83.200000     0.000083425916574
83.300000     0.000090167659832
83.400000     0.000102742147258
83.500000     0.000094030905969
83.600000     0.000117589132411
83.700000     0.000151095848904
83.800000     0.000113044136956
83.900000     0.000138369861630
84.000000     0.000135415614584
84.100000     0.000157054842945
84.200000     0.000109180890819
84.300000     0.000121477628522
84.400000     0.000125088374912
84.500000     0.000123219876780
84.600000     0.000101201898798
84.700000     0.000153822846177
84.800000     0.000100924149076
84.900000     0.000099459650540
85.000000     0.000074588425412
85.100000     0.000140995859004
85.200000     0.000108953641046
85.300000     0.000152408847591
85.400000     0.000105393394607
85.500000     0.000077088172912
85.600000     0.000116301383699
85.700000     0.000097742652257
85.800000     0.000095747904252
85.900000     0.000103348146652
86.000000     0.000148141601858
86.100000     0.000183895566104
86.200000     0.000111907888092
86.300000     0.000112766387234
86.400000     0.000136577113423
86.500000     0.000099939400061
86.600000     0.000130592869407
86.700000     0.000105696394304
86.800000     0.000108650641349
86.900000     0.000128648621351
87.000000     0.000116907383093
87.100000     0.000127512372488
87.200000     0.000104332895667
87.300000     0.000078577921422
87.400000     0.000131072618927
87.500000     0.000109559640440
87.600000     0.000118043631956
87.700000     0.000080976669023
87.800000     0.000117664882335
87.900000     0.000111655388345
88.000000     0.000127537622462
88.100000     0.000111857388143
88.200000     0.000086607413393
88.300000     0.000099964650035
88.400000     0.000130996869003
88.500000     0.000085799414201
88.600000     0.000113170386830
88.700000     0.000101378648621
88.800000     0.000126350873649
88.900000     0.000106251893748
89.000000     0.000113650136350
89.100000     0.000094636905363
89.200000     0.000118977881022
89.300000     0.000093046156954
89.400000     0.000093652156348
89.500000     0.000116553883446
89.600000     0.000088071911928
89.700000     0.000124356125644
89.800000     0.000092768407232
89.900000     0.000081734168266
90.000000     0.000104964145036
90.100000     0.000137334612665
90.200000     0.000152989597010
90.300000     0.000085546914453
90.400000     0.000123598626401
90.500000     0.000132966367034
90.600000     0.000101530148470
90.700000     0.000086203413797
90.800000     0.000189324310676
90.900000     0.000129860620139
91.000000     0.000141677608322
91.100000     0.000092036157964
91.200000     0.000100898899101
91.300000     0.000098171901828
91.400000     0.000104534895465
91.500000     0.000136678113322
91.600000     0.000069816180184
91.700000     0.000104560145440
91.800000     0.000107110392890
91.900000     0.000155741844258
92.000000     0.000101100898899
92.100000     0.000111857388143
92.200000     0.000146146853853
92.300000     0.000078956671043
92.400000     0.000141374608625
92.500000     0.000077315422685
92.600000     0.000134733865266
92.700000     0.000091859408141
92.800000     0.000087920412080
92.900000     0.000163619836380
93.000000     0.000127512372488
93.100000     0.000113523886476
93.200000     0.000150691849308
93.300000     0.000087996162004
93.400000     0.000119684880315
93.500000     0.000102641147359
93.600000     0.000069311180689
93.700000     0.000092515907484
93.800000     0.000097262902737
93.900000     0.000103171396829
94.000000     0.000112741137259
94.100000     0.000117210382790
94.200000     0.000135339864660
94.300000     0.000140995859004
94.400000     0.000094056155944
94.500000     0.000115341884658
94.600000     0.000143950106050
94.700000     0.000151121098879
94.800000     0.000092061407939
94.900000     0.000098601151399
95.000000     0.000088728411272
95.100000     0.000155161094839
95.200000     0.000126982123018
95.300000     0.000099560650439
95.400000     0.000119003130997
95.500000     0.000100469649530
95.600000     0.000110620139380
95.700000     0.000116175133825
95.800000     0.000099358650641
95.900000     0.000118775881224
96.000000     0.000092339157661
96.100000     0.000097464902535
96.200000     0.000089283910716
96.300000     0.000051055448945
96.400000     0.000096934653065
96.500000     0.000119129380871
96.600000     0.000079613170387
96.700000     0.000135062114938
96.800000     0.000096985153015
96.900000     0.000093399656600
97.000000     0.000091480658519
97.100000     0.000120240379760
97.200000     0.000113498636501
97.300000     0.000111579638420
97.400000     0.000136703363297
97.500000     0.000105544894455
97.600000     0.000128320371680
97.700000     0.000098752651247
97.800000     0.000119912130088
97.900000     0.000088879911120
98.000000     0.000124532875467
98.100000     0.000128547621452
98.200000     0.000135945864054
98.300000     0.000125290374710
98.400000     0.000087718412282
98.500000     0.000111806888193
98.600000     0.000124280375720
98.700000     0.000167382082618
98.800000     0.000076204423796
98.900000     0.000105797394203
99.000000     0.000124381375619
99.100000     0.000141071608928
99.200000     0.000126451873548
99.300000     0.000112185637814
99.400000     0.000069917180083
99.500000     0.000099585900414
99.600000     0.000154201595798
99.700000     0.000127184122816
99.800000     0.000096732653267
99.900000     0.000102565397435
100.000000     0.000124659125341
100.100000     0.000116048883951
100.200000     0.000187228562771
100.300000     0.000117437632562
100.400000     0.000159605090395
100.500000     0.000087945662054
100.600000     0.000135188364812
100.700000     0.000090117159883
100.800000     0.000112741137259
100.900000     0.000087869912130
101.000000     0.000084132915867
101.100000     0.000107968892031
101.200000     0.000149555600444
101.300000     0.000134935865064
101.400000     0.000099661650338
101.500000     0.000116074133926
101.600000     0.000134809615190
101.700000     0.000115720634279
101.800000     0.000120745379255
101.900000     0.000138773861226
102.000000     0.000140844359156
102.100000     0.000118599131401
102.200000     0.000163746086254
102.300000     0.000080648419352
102.400000     0.000097742652257
102.500000     0.000088905161095
102.600000     0.000141021108979
102.700000     0.000103726896273
102.800000     0.000141324108676
102.900000     0.000086582163418
103.000000     0.000104534895465
103.100000     0.000117185132815
103.200000     0.000131830118170
103.300000     0.000083804666195
103.400000     0.000076254923745
103.500000     0.000057822442178
103.600000     0.000089182910817
103.700000     0.000115569134431
103.800000     0.000101757398243
103.900000     0.000129557620442
104.000000     0.000086329663670
104.100000     0.000139506110494
104.200000     0.000117715382285
104.300000     0.000086531663468
104.400000     0.000081506918493
104.500000     0.000165791334209
104.600000     0.000112867387133
104.700000     0.000113751136249
104.800000     0.000111806888193
104.900000     0.000135238864761
105.000000     0.000100267649732
105.100000     0.000156423593576
105.200000     0.000107691142309
105.300000     0.000100494899505
105.400000     0.000119028380972
105.500000     0.000083779416221
105.600000     0.000168897081103
105.700000     0.000141374608625
105.800000     0.000131350368650
105.900000     0.000102237147763
106.000000     0.000103171396829
106.100000     0.000096732653267
106.200000     0.000125467124533
106.300000     0.000129355620644
106.400000     0.000112311887688
106.500000     0.000113271386729
106.600000     0.000101807898192
106.700000     0.000088475911524
106.800000     0.000099712150288
106.900000     0.000141172608827
107.000000     0.000125921624078
107.100000     0.000132688617311
107.200000     0.000134203615796
107.300000     0.000097414402586
107.400000     0.000064816685183
107.500000     0.000146071103929
107.600000     0.000178365821634
107.700000     0.000132966367034
107.800000     0.000146475103525
107.900000     0.000078653671346
108.000000     0.000137258862741
108.100000     0.000093828906171
108.200000     0.000114079385921
108.300000     0.000096959903040
108.400000     0.000103651146349
108.500000     0.000145717604282
108.600000     0.000130113119887
108.700000     0.000071583678416
108.800000     0.000139051610948
108.900000     0.000176850823149
109.000000     0.000121452378548
109.100000     0.000086481163519
109.200000     0.000147081102919
109.300000     0.000096429653570
109.400000     0.000137763862236
109.500000     0.000149782850217
109.600000     0.000172634077366
109.700000     0.000124633875366
109.800000     0.000079890920109
109.900000     0.000078678921321
110.000000     0.000127057872942
110.100000     0.000094131905868
110.200000     0.000130491869508
110.300000     0.000093020906979
110.400000     0.000123093626906
110.500000     0.000103928896071
110.600000     0.000139960610039
110.700000     0.000105368144632
110.800000     0.000079209170791
110.900000     0.000152282597717
111.000000     0.000102237147763
111.100000     0.000117892132108
111.200000     0.000112362387638
111.300000     0.000086455913544
111.400000     0.000124431875568
111.500000     0.000115139884860
111.600000     0.000125340874659
111.700000     0.000131274618725
111.800000     0.000114912635087
111.900000     0.000099863650136
112.000000     0.000116074133926
112.100000     0.000127739622260
112.200000     0.000111024138976
112.300000     0.000090117159883
112.400000     0.000080168669831
112.500000     0.000101580648419
112.600000     0.000120846379154
112.700000     0.000133471366529
112.800000     0.000102413897586
112.900000     0.000114079385921
113.000000     0.000087112412888
113.100000     0.000123346126654
113.200000     0.000125416624583
113.300000     0.000137031612968
113.400000     0.000092187657812
113.500000     0.000101403898596
113.600000     0.000122083627916
113.700000     0.000097540652459
113.800000     0.000097262902737
113.900000     0.000086178163822
114.000000     0.000094889405111
114.100000     0.000111478638521
114.200000     0.000097818402182
114.300000     0.000123472376528
114.400000     0.000099308150692
114.500000     0.000113271386729
114.600000     0.000111604888395
114.700000     0.000130491869508
114.800000     0.000097363902636
114.900000     0.000097995152005
115.000000     0.000123649126351
115.100000     0.000093197656802
115.200000     0.000099510150490
115.300000     0.000127638622361
115.400000     0.000153949096051
115.500000     0.000108322391678
115.600000     0.000072315927684
115.700000     0.000099484900515
115.800000     0.000113422886577
115.900000     0.000086632663367
116.000000     0.000080168669831
116.100000     0.000121452378548
116.200000     0.000123724876275
116.300000     0.000076355923644
116.400000     0.000113246136754
116.500000     0.000105241894758
116.600000     0.000125492374508
116.700000     0.000083375416625
116.800000     0.000109382890617
116.900000     0.000182456317544
117.000000     0.000091707908292
117.100000     0.000099434400566
117.200000     0.000155186344814
117.300000     0.000080724169276
117.400000     0.000118245631754
117.500000     0.000104635895364
117.600000     0.000134178365822
117.700000     0.000090293909706
117.800000     0.000088980911019
117.900000     0.000123447126553
118.000000     0.000124608625391
118.100000     0.000118144631855
118.200000     0.000134506615493
118.300000     0.000090243409757
118.400000     0.000102817897182
118.500000     0.000123346126654
118.600000     0.000108170891829
118.700000     0.000072038177962
118.800000     0.000097717402283
118.900000     0.000151979598020
119.000000     0.000143142106858
119.100000     0.000120669629330
119.200000     0.000075320674679
119.300000     0.000110923139077
119.400000     0.000110594889405
119.500000     0.000105039894960
119.600000     0.000109332390668
119.700000     0.000114256135744
119.800000     0.000089283910716
119.900000     0.000089334410666
120.000000     0.000095596404404
120.100000     0.000152989597010
120.200000     0.000178997071003
120.300000     0.000095975154025
120.400000     0.000124229875770
120.500000     0.000132739117261
120.600000     0.000068073931926
120.700000     0.000123825876174
120.800000     0.000141324108676
120.900000     0.000122790627209
121.000000     0.000071331178669
121.100000     0.000078527421473
121.200000     0.000081532168468
121.300000     0.000120619129381
121.400000     0.000127790122210
121.500000     0.000115215634784
121.600000     0.000097944652055
121.700000     0.000119003130997
121.800000     0.000131451368549
121.900000     0.000093500656499
122.000000     0.000104863145137
122.100000     0.000158696091304
122.200000     0.000087364912635
122.300000     0.000093222906777
122.400000     0.000160387839612
122.500000     0.000109408140592
122.600000     0.000094207655792
122.700000     0.000126704373296
122.800000     0.000136021613978
122.900000     0.000104913645086
123.000000     0.000132259367741
123.100000     0.000132385617614
123.200000     0.000114281385719
123.300000     0.000104812645187
123.400000     0.000101328148672
123.500000     0.000117664882335
123.600000     0.000120442379558
123.700000     0.000126881123119
123.800000     0.000104358145642
123.900000     0.000152358347642
124.000000     0.000104055145945
124.100000     0.000112640137360
124.200000     0.000114533885466
124.300000     0.000089031410969
124.400000     0.000124027875972
124.500000     0.000150388849611
124.600000     0.000145667104333
124.700000     0.000114937885062
124.800000     0.000110746389254
124.900000     0.000084789415211
125.000000     0.000156322593677
125.100000     0.000103954146046
125.200000     0.000096682153318
125.300000     0.000104888395112
125.400000     0.000109913140087
125.500000     0.000071886678113
125.600000     0.000118523381477
125.700000     0.000120417129583
125.800000     0.000113498636501
125.900000     0.000175891324109
126.000000     0.000100116149884
126.100000     0.000121805878194
126.200000     0.000144455105545
126.300000     0.000112488637511
126.400000     0.000158898091102
126.500000     0.000117488132512
126.600000     0.000144783355217
126.700000     0.000097086152914
126.800000     0.000099484900515
126.900000     0.000089536410464
127.000000     0.000091026158974
127.100000     0.000083905666094
127.200000     0.000085950914049
127.300000     0.000108473891526
127.400000     0.000109281890718
127.500000     0.000125618624381
127.600000     0.000107312392688
127.700000     0.000150792849207
127.800000     0.000093500656499
127.900000     0.000111175638824
128.000000     0.000090495909504
128.100000     0.000119331380669
128.200000     0.000120518129482
128.300000     0.000126603373397
128.400000     0.000130895869104
128.500000     0.000142460357540
128.600000     0.000119811130189
128.700000     0.000135996364004
128.800000     0.000153418846581
128.900000     0.000141601858398
129.000000     0.000115846884153
129.100000     0.000094182405818
129.200000     0.000101479648520
129.300000     0.000085597414403
129.400000     0.000122942127058
129.500000     0.000087087162913
129.600000     0.000128446621553
129.700000     0.000114634885365
129.800000     0.000118422381578
129.900000     0.000134683365317
130.000000     0.000096328653671
130.100000     0.000129456620543
130.200000     0.000110140389860
130.300000     0.000141829108171
130.400000     0.000091455408545
130.500000     0.000122361377639
130.600000     0.000154706595293
130.700000     0.000154555095445
130.800000     0.000102312897687
130.900000     0.000120821129179
131.000000     0.000141450358550
131.100000     0.000111125138875
131.200000     0.000133749116251
131.300000     0.000142460357540
131.400000     0.000109079890920
131.500000     0.000109079890920
131.600000     0.000129885870114
131.700000     0.000092743157257
131.800000     0.000120088879911
131.900000     0.000107665892334
132.000000     0.000122285627714
132.100000     0.000138193111807
132.200000     0.000140112109888
132.300000     0.000140288859711
132.400000     0.000074361175639
132.500000     0.000118498131502
132.600000     0.000113927886072
132.700000     0.000136602363398
132.800000     0.000124027875972
132.900000     0.000153747096253
133.000000     0.000095747904252
133.100000     0.000115291384709
133.200000     0.000110897889102
133.300000     0.000095141904858
133.400000     0.000096555903444
133.500000     0.000114937885062
133.600000     0.000098828401172
133.700000     0.000114533885466
133.800000     0.000121629128371
133.900000     0.000114155135845
134.000000     0.000131501868498
134.100000     0.000109357640642
134.200000     0.000144025855974
134.300000     0.000104635895364
134.400000     0.000100191899808
134.500000     0.000094460155540
134.600000     0.000134834865165
134.700000     0.000114180385820
134.800000     0.000152232097768
134.900000     0.000109559640440
135.000000     0.000121932128068
135.100000     0.000083577416423
135.200000     0.000122916877083
135.300000     0.000096404403596
135.400000     0.000133370366630
135.500000     0.000140718109282
135.600000     0.000140642359358
135.700000     0.000136173113827
135.800000     0.000084233915766
135.900000     0.000120871629128
136.000000     0.000115468134532
136.100000     0.000146020603979
136.200000     0.000164377335623
136.300000     0.000138167861832
136.400000     0.000143066356934
136.500000     0.000116705383295
136.600000     0.000149378850621
136.700000     0.000101100898899
136.800000     0.000132234117766
136.900000     0.000123548126452
137.000000     0.000156650843349
137.100000     0.000136375113625
137.200000     0.000134910615089
137.300000     0.000119028380972
137.400000     0.000090495909504
137.500000     0.000122487627512
137.600000     0.000118700131300
137.700000     0.000116907383093
137.800000     0.000162635087365
137.900000     0.000105671144329
138.000000     0.000132158367842
138.100000     0.000095874154126
138.200000     0.000112463387537
138.300000     0.000117134632865
138.400000     0.000101504898495
138.500000     0.000116478133522
138.600000     0.000089435410565
138.700000     0.000115796384204
138.800000     0.000121098878901
138.900000     0.000135289364711
139.000000     0.000124633875366
139.100000     0.000132284617715
139.200000     0.000111680638319
139.300000     0.000116907383093
139.400000     0.000115947884052
139.500000     0.000128219371781
139.600000     0.000087390162610
139.700000     0.000087465912534
139.800000     0.000104358145642
139.900000     0.000137915362085
140.000000     0.000096833653166
140.100000     0.000101025148975
140.200000     0.000098979901020
140.300000     0.000140036359964
140.400000     0.000088703161297
140.500000     0.000138521361479
140.600000     0.000088703161297
140.700000     0.000124936875063
140.800000     0.000102944147056
140.900000     0.000115796384204
141.000000     0.000142157357843
141.100000     0.000118195131805
141.200000     0.000132587617412
141.300000     0.000116326633673
141.400000     0.000127335622664
141.500000     0.000071583678416
141.600000     0.000134430865569
141.700000     0.000109029390971
141.800000     0.000153368346632
141.900000     0.000150919099081
142.000000     0.000114735885264
142.100000     0.000102969397031
142.200000     0.000101681648318
142.300000     0.000135137864862
142.400000     0.000095975154025
142.500000     0.000122007877992
142.600000     0.000087945662054
142.700000     0.000087617412383
142.800000     0.000151323098677
142.900000     0.000137612362388
143.000000     0.000083526916473
143.100000     0.000128724371276
143.200000     0.000122563377437
143.300000     0.000132259367741
143.400000     0.000109079890920
143.500000     0.000091177658822
143.600000     0.000121679628320
143.700000     0.000113927886072
143.800000     0.000128875871124
143.900000     0.000129103120897
144.000000     0.000137940612059
144.100000     0.000127613372387
144.200000     0.000136728613271
144.300000     0.000123371376629
144.400000     0.000106681143319
144.500000     0.000115316634683
144.600000     0.000105746894253
144.700000     0.000116225633774
144.800000     0.000119432380568
144.900000     0.000107085142915
145.000000     0.000105039894960
145.100000     0.000099409150591
145.200000     0.000119760630239
145.300000     0.000116175133825
145.400000     0.000152105847894
145.500000     0.000101252398748
145.600000     0.000117791132209
145.700000     0.000099863650136
145.800000     0.000123043126957
145.900000     0.000120215129785
146.000000     0.000102464397536
146.100000     0.000106024643975
146.200000     0.000101934148066
146.300000     0.000138041611958
146.400000     0.000148318351682
146.500000     0.000105342894657
146.600000     0.000110140389860
146.700000     0.000132638117362
146.800000     0.000110721139279
146.900000     0.000135188364812
147.000000     0.000113498636501
147.100000     0.000143116856883
147.200000     0.000125088374912
147.300000     0.000132259367741
147.400000     0.000101555398445
147.500000     0.000124154125846
147.600000     0.000112488637511
147.700000     0.000142536107464
147.800000     0.000128522371478
147.900000     0.000096934653065
148.000000     0.000130087869912
148.100000     0.000082819917180
148.200000     0.000132461367539
148.300000     0.000082390667609
148.400000     0.000102792647207
148.500000     0.000120795879204
148.600000     0.000175638824361
148.700000     0.000131426118574
148.800000     0.000088501161499
148.900000     0.000107110392890
149.000000     0.000156272093728
149.100000     0.000117008382992
149.200000     0.000103928896071
149.300000     0.000074739925260
149.400000     0.000147106352894
149.500000     0.000087541662458
149.600000     0.000124760125240
149.700000     0.000105873144127
149.800000     0.000134860115140
149.900000     0.000129810120190
150.000000     0.000097060902939
150.100000     0.000119129380871
150.200000     0.000087895162105
150.300000     0.000136905363095
150.400000     0.000096833653166
150.500000     0.000175487324513
150.600000     0.000192076557923
150.700000     0.000125694374306
150.800000     0.000090723159277
150.900000     0.000095040904959
151.000000     0.000124987375013
151.100000     0.000123320876679
151.200000     0.000090849409151
151.300000     0.000121149378851
151.400000     0.000103045146955
151.500000     0.000135895364105
151.600000     0.000106479143521
151.700000     0.000128598121402
151.800000     0.000088097161903
151.900000     0.000095470154530
152.000000     0.000143697606302
152.100000     0.000106176143824
152.200000     0.000098979901020
152.300000     0.000115897384103
152.400000     0.000119583880416
152.500000     0.000108877891122
152.600000     0.000156095343905
152.700000     0.000115165134835
152.800000     0.000138698111302
152.900000     0.000085673164327
153.000000     0.000170260579739
153.100000     0.000112135137865
153.200000     0.000107489142511
153.300000     0.000098803151197
153.400000     0.000073073426927
153.500000     0.000122260377740
153.600000     0.000125391374609
153.700000     0.000122336127664
153.800000     0.000111705888294
153.900000     0.000092061407939
154.000000     0.000082668417332
154.100000     0.000126578123422
154.200000     0.000094788405212
154.300000     0.000142132107868
154.400000     0.000099156650843
154.500000     0.000126224623775
154.600000     0.000155464094536
154.700000     0.000124684375316
154.800000     0.000116250883749
154.900000     0.000113927886072
155.000000     0.000131956368044
155.100000     0.000101429148571
155.200000     0.000096000404000
155.300000     0.000123169376831
155.400000     0.000154959095041
155.500000     0.000096581153419
155.600000     0.000133218866781
155.700000     0.000121300878699
155.800000     0.000133471366529
155.900000     0.000116553883446
156.000000     0.000112210887789
156.100000     0.000137334612665
156.200000     0.000139960610039
156.300000     0.000122411877588
156.400000     0.000101050398950
156.500000     0.000091177658822
156.600000     0.000146929603070
156.700000     0.000131476618523
156.800000     0.000101151398849
156.900000     0.000098121401879
157.000000     0.000111200888799
157.100000     0.000131249368751
157.200000     0.000150161599838
157.300000     0.000114836885163
157.400000     0.000122361377639
157.500000     0.000131022118978
157.600000     0.000112008887991
157.700000     0.000118649631350
157.800000     0.000109887890112
157.900000     0.000123068376932
158.000000     0.000118700131300
158.100000     0.000134077365923
158.200000     0.000105191394809
158.300000     0.000137662862337
158.400000     0.000098575901424
158.500000     0.000091026158974
158.600000     0.000092238157762
158.700000     0.000139531360469
158.800000     0.000087314412686
158.900000     0.000146475103525
159.000000     0.000121831128169
159.100000     0.000097212402788
159.200000     0.000119811130189
159.300000     0.000164503585496
159.400000     0.000108802141198
159.500000     0.000156953843046
159.600000     0.000095874154126
159.700000     0.000139708110292
159.800000     0.000107110392890
159.900000     0.000087617412383
160.000000     0.000114735885264
160.100000     0.000129885870114
160.200000     0.000124835875164
160.300000     0.000119634380366
160.400000     0.000176068073932
160.500000     0.000131703868296
160.600000     0.000115089384911
160.700000     0.000114306635693
160.800000     0.000077466922533
160.900000     0.000138041611958
161.000000     0.000130744369256
161.100000     0.000134228865771
161.200000     0.000077618422382
161.300000     0.000122058377942
161.400000     0.000128421371579
161.500000     0.000134531865468
161.600000     0.000081860418140
161.700000     0.000080471669528
161.800000     0.000127436622563
161.900000     0.000092086657913
162.000000     0.000113599636400
162.100000     0.000170790829209
162.200000     0.000089309160691
162.300000     0.000083627916372
162.400000     0.000147813352187
162.500000     0.000111377638622
162.600000     0.000094359155641
162.700000     0.000099131400869
162.800000     0.000092364407636
162.900000     0.000104938895061
163.000000     0.000121149378851
163.100000     0.000129103120897
163.200000     0.000094056155944
163.300000     0.000097086152914
163.400000     0.000114685385315
163.500000     0.000149378850621
163.600000     0.000110291889708
163.700000     0.000142763357237
163.800000     0.000128572871427
163.900000     0.000060852439148
164.000000     0.000099131400869
164.100000     0.000166195333805
164.200000     0.000133951116049
164.300000     0.000186496313504
164.400000     0.000158342591657
164.500000     0.000112993637006
164.600000     0.000107160892839
164.700000     0.000116377133623
164.800000     0.000099611150389
164.900000     0.000101378648621
165.000000     0.000121881628118
165.100000     0.000149555600444
165.200000     0.000065094434906
165.300000     0.000109004140996
165.400000     0.000139152610847
165.500000     0.000110165639834
165.600000     0.000171194828805
165.700000     0.000108297141703
165.800000     0.000097490152510
165.900000     0.000129633370367
166.000000     0.000107514392486
166.100000     0.000104509645490
166.200000     0.000136526613473
166.300000     0.000095419654580
166.400000     0.000146348853651
166.500000     0.000106049893950
166.600000     0.000109786890213
166.700000     0.000128673871326
166.800000     0.000112463387537
166.900000     0.000101631148369
167.000000     0.000105317644682
167.100000     0.000150515099485
167.200000     0.000101050398950
167.300000     0.000127487122513
167.400000     0.000105721644278
167.500000     0.000109635390365
167.600000     0.000099181900818
167.700000     0.000098399151601
167.800000     0.000127032622967
167.900000     0.000132360367640
168.000000     0.000124608625391
168.100000     0.000119937380063
168.200000     0.000100949399051
168.300000     0.000069992930007
168.400000     0.000096278153722
168.500000     0.000144152105848
168.600000     0.000141753358247
168.700000     0.000106302393698
168.800000     0.000115518634481
168.900000     0.000142889607110
169.000000     0.000108322391678
169.100000     0.000118649631350
169.200000     0.000101252398748
169.300000     0.000149378850621
169.400000     0.000135087364913
169.500000     0.000101201898798
169.600000     0.000104029895970
169.700000     0.000105418644581
169.800000     0.000110746389254
169.900000     0.000102363397637
170.000000     0.000097742652257
170.100000     0.000116351883648
170.200000     0.000087566912433
170.300000     0.000090445409555
170.400000     0.000122361377639
170.500000     0.000116579133421
170.600000     0.000088854661145
170.700000     0.000123295626704
170.800000     0.000097616402384
170.900000     0.000123043126957
171.000000     0.000133370366630
171.100000     0.000146172103828
171.200000     0.000085344914655
171.300000     0.000136324613675
171.400000     0.000150893849106
171.500000     0.000084259165741
171.600000     0.000079613170387
171.700000     0.000112261387739
171.800000     0.000097666902333
171.900000     0.000103651146349
172.000000     0.000131981618018
172.100000     0.000104408645591
172.200000     0.000123497626502
172.300000     0.000122790627209
172.400000     0.000116074133926
172.500000     0.000150792849207
172.600000     0.000138420361580
172.700000     0.000129658620341
172.800000     0.000074992425008
172.900000     0.000105721644278
173.000000     0.000116528633471
173.100000     0.000138672861327
173.200000     0.000147333602666
173.300000     0.000161221088779
173.400000     0.000073401676598
173.500000     0.000126527623472
173.600000     0.000114281385719
173.700000     0.000096404403596
173.800000     0.000155590344410
173.900000     0.000127663872336
174.000000     0.000101530148470
174.100000     0.000087794162206
174.200000     0.000094333905666
174.300000     0.000105418644581
174.400000     0.000090697909302
174.500000     0.000112463387537
174.600000     0.000087162912837
174.700000     0.000155943844056
174.800000     0.000135011614988
174.900000     0.000095217654782
175.000000     0.000092995657004
175.100000     0.000109382890617
175.200000     0.000102969397031
175.300000     0.000153898596101
175.400000     0.000117058882941
175.500000     0.000086102413898
175.600000     0.000141096858903
175.700000     0.000118649631350
175.800000     0.000113650136350
175.900000     0.000143167356833
176.000000     0.000147964852035
176.100000     0.000164705585294
176.200000     0.000129002120998
176.300000     0.000106251893748
176.400000     0.000149833350167
176.500000     0.000132991617008
176.600000     0.000108221391779
176.700000     0.000110998889001
176.800000     0.000069311180689
176.900000     0.000100520149480
177.000000     0.000127108372892
177.100000     0.000113700636299
177.200000     0.000121225128775
177.300000     0.000125921624078
177.400000     0.000117286132714
177.500000     0.000110897889102
177.600000     0.000136981113019
177.700000     0.000105443894556
177.800000     0.000104383395617
177.900000     0.000154858095142
178.000000     0.000111099888900
178.100000     0.000131931118069
178.200000     0.000117563882436
178.300000     0.000141096858903
178.400000     0.000143167356833
178.500000     0.000082188667811
178.600000     0.000136122613877
178.700000     0.000120669629330
178.800000     0.000073654176346
178.900000     0.000111175638824
179.000000     0.000126275123725
179.100000     0.000114988385012
179.200000     0.000119129380871
179.300000     0.000102338147662
179.400000     0.000088198161802
179.500000     0.000116503383497
179.600000     0.000114761135239
179.700000     0.000181850318150
179.800000     0.000160842339158
179.900000     0.000152181597818
180.000000     0.000131905868094
180.100000     0.000108852641147
180.200000     0.000141450358550
180.300000     0.000109610140390
180.400000     0.000120391879608
180.500000     0.000137587112413
180.600000     0.000132739117261
180.700000     0.000118775881224
180.800000     0.000102035147965
180.900000     0.000143091606908
181.000000     0.000124204625795
181.100000     0.000083476416524
181.200000     0.000106832643167
181.300000     0.000130845369155
181.400000     0.000088450661549
181.500000     0.000171144328856
181.600000     0.000060347439653
181.700000     0.000106883143117
181.800000     0.000127209372791
181.900000     0.000089561660438
182.000000     0.000162054337946
182.100000     0.000087112412888
182.200000     0.000109130390870
182.300000     0.000079436420564
182.400000     0.000161574588425
182.500000     0.000122336127664
182.600000     0.000110519139481
182.700000     0.000114003635996
182.800000     0.000115417634582
182.900000     0.000100393899606
183.000000     0.000087945662054
183.100000     0.000122942127058
183.200000     0.000156499343501
183.300000     0.000132032117968
183.400000     0.000103853146147
183.500000     0.000090596909403
183.600000     0.000118144631855
183.700000     0.000137183112817
183.800000     0.000094838905161
183.900000     0.000125239874760
184.000000     0.000134683365317
184.100000     0.000135137864862
184.200000     0.000095192404808
184.300000     0.000107261892738
184.400000     0.000107489142511
184.500000     0.000080143419857
184.600000     0.000147964852035
184.700000     0.000138167861832
184.800000     0.000110039389961
184.900000     0.000122083627916
185.000000     0.000147889102111
185.100000     0.000170513079487
185.200000     0.000130416119584
185.300000     0.000091581658418
185.400000     0.000157433592566
185.500000     0.000110746389254
185.600000     0.000148646601353
185.700000     0.000116528633471
185.800000     0.000125845874154
185.900000     0.000111832138168
186.000000     0.000102868397132
186.100000     0.000097490152510
186.200000     0.000119861630138
186.300000     0.000159377840622
186.400000     0.000133143116857
186.500000     0.000085546914453
186.600000     0.000106251893748
186.700000     0.000119104130896
186.800000     0.000097136652863
186.900000     0.000101302898697
187.000000     0.000100646399354
187.100000     0.000131022118978
187.200000     0.000116806383194
187.300000     0.000137511362489
187.400000     0.000129658620341
187.500000     0.000092616907383
187.600000     0.000107968892031
187.700000     0.000097540652459
187.800000     0.000093551156449
187.900000     0.000134279365721
188.000000     0.000109685890314
188.100000     0.000092818907181
188.200000     0.000092086657913
188.300000     0.000132915867084
188.400000     0.000114306635693
188.500000     0.000109307140693
188.600000     0.000153848096152
188.700000     0.000078754671245
188.800000     0.000148217351783
188.900000     0.000158999091001
189.000000     0.000132562367438
189.100000     0.000150868599131
189.200000     0.000110746389254
189.300000     0.000152181597818
189.400000     0.000118902131098
189.500000     0.000150742349258
189.600000     0.000118750631249
189.700000     0.000135567114433
189.800000     0.000117286132714
189.900000     0.000122310877689
190.000000     0.000071356428644
190.100000     0.000127537622462
190.200000     0.000159605090395
190.300000     0.000104004645995
190.400000     0.000147257852742
190.500000     0.000126679123321
190.600000     0.000182254317746
190.700000     0.000112286637713
190.800000     0.000123522876477
190.900000     0.000161675588324
191.000000     0.000142586607413
191.100000     0.000102918897081
191.200000     0.000159125340875
191.300000     0.000108196141804
191.400000     0.000092238157762
191.500000     0.000130643369357
191.600000     0.000102666397334
191.700000     0.000159504090496
191.800000     0.000124583375417
191.900000     0.000103045146955
192.000000     0.000099535400465
192.100000     0.000138900111100
192.200000     0.000104913645086
192.300000     0.000082769417231
192.400000     0.000097995152005
192.500000     0.000106302393698
192.600000     0.000131830118170
192.700000     0.000095596404404
192.800000     0.000130113119887
192.900000     0.000090697909302
193.000000     0.000150515099485
193.100000     0.000137763862236
193.200000     0.000139329360671
193.300000     0.000079815170185
193.400000     0.000109256640743
193.500000     0.000125113624886
193.600000     0.000125845874154
193.700000     0.000164124835875
193.800000     0.000127007372993
193.900000     0.000144631855368
194.000000     0.000110822139178
194.100000     0.000107842642157
194.200000     0.000106251893748
194.300000     0.000096025653974
194.400000     0.000109307140693
194.500000     0.000132486617513
194.600000     0.000084461165539
194.700000     0.000133875366125
194.800000     0.000142864357136
194.900000     0.000104938895061
195.000000     0.000154782345218
195.100000     0.000096076153924
195.200000     0.000111503888496
195.300000     0.000122664377336
195.400000     0.000120417129583
195.500000     0.000123371376629
195.600000     0.000104787395213
195.700000     0.000130668619331
195.800000     0.000104560145440
195.900000     0.000099257650742
196.000000     0.000116503383497
196.100000     0.000119407130593
196.200000     0.000123421876578
196.300000     0.000102969397031
196.400000     0.000097515402485
196.500000     0.000122714877285
196.600000     0.000111377638622
196.700000     0.000168114331886
196.800000     0.000119937380063
196.900000     0.000086632663367
197.000000     0.000147156852843
197.100000     0.000133547116453
197.200000     0.000126300373700
197.300000     0.000107590142410
197.400000     0.000134254115746
197.500000     0.000097868902131
197.600000     0.000124608625391
197.700000     0.000106529643470
197.800000     0.000150666599333
197.900000     0.000135314614685
198.000000     0.000130390869609
198.100000     0.000109004140996
198.200000     0.000121149378851
198.300000     0.000124810625189
198.400000     0.000129835370165
198.500000     0.000097363902636
198.600000     0.000120669629330
198.700000     0.000139960610039
198.800000     0.000114028885971
198.900000     0.000136147863852
199.000000     0.000111756388244
199.100000     0.000131325118675
199.200000     0.000132713867286
199.300000     0.000109079890920
199.400000     0.000109559640440
199.500000     0.000112412887587
199.600000     0.000126704373296
199.700000     0.000117967882032
199.800000     0.000158872841127
199.900000     0.000075926674073
