0.000000     0.000095975154025
0.100000     0.000086203413797
0.200000     0.000128951621048
0.300000     0.000103625896374
0.400000     0.000140440359560
0.500000     0.000094384405616
0.600000     0.000116175133825
0.700000     0.000099106150894
0.800000     0.000089182910817
0.900000     0.000093753156247
1.000000     0.000095747904252
1.100000     0.000124734875265
1.200000     0.000094662155338
1.300000     0.000113296636703
1.400000     0.000107615392385
1.500000     0.000106302393698
1.600000     0.000081835168165
1.700000     0.000133673366327
1.800000     0.000107009392991
1.900000     0.000091480658519
2.000000     0.000105797394203
2.100000     0.000131552368448
2.200000     0.000126982123018
2.300000     0.000129254620745
2.400000     0.000091101908898
2.500000     0.000074840925159
2.600000     0.000128093121907
2.700000     0.000094434905565
2.800000     0.000109988890011
2.900000     0.000110620139380
3.000000     0.000129355620644
3.100000     0.000126906373094
3.200000     0.000119482880517
3.300000     0.000201520048480
3.400000     0.000085445914554
3.500000     0.000100747399253
3.600000     0.000101100898899
3.700000     0.000140768609231
3.800000     0.000138142611857
3.900000     0.000135491364509
4.000000     0.000128244621755
4.100000     0.000095343904656
4.200000     0.000095773154227
4.300000     0.000102035147965
4.400000     0.000114634885365
4.500000     0.000105746894253
4.600000     0.000116099383901
4.700000     0.000113852136148
4.800000     0.000129986870013
4.900000     0.000118169881830
5.000000     0.000150338349662
5.100000     0.000105039894960
5.200000     0.000121982628017
5.300000     0.000104029895970
5.400000     0.000097363902636
5.500000     0.000107135642864
5.600000     0.000118169881830
5.700000     0.000106226643773
5.800000     0.000105191394809
5.900000     0.000130845369155
6.000000     0.000141147358853
6.100000     0.000125416624583
6.200000     0.000104964145036
6.300000     0.000112513887486
6.400000     0.000133117866882
6.500000     0.000094535905464
6.600000     0.000160312089688
6.700000     0.000113852136148
6.800000     0.000080976669023
6.900000     0.000149000101000
7.000000     0.000089662660337
7.100000     0.000138571861428
7.200000     0.000099964650035
7.300000     0.000094106655893
7.400000     0.000082567417433
7.500000     0.000096126653873
7.600000     0.000097237652762
7.700000     0.000106630643369
7.800000     0.000140793859206
7.900000     0.000111200888799
8.000000     0.000103575396425
8.100000     0.000095596404404
8.200000     0.000125340874659
8.300000     0.000084031915968
8.400000     0.000112867387133
8.500000     0.000143268356732
8.600000     0.000098373901626
8.700000     0.000153267346733
8.800000     0.000153166346834
8.900000     0.000129709120291
9.000000     0.000084435915564
9.100000     0.000172280577719
9.200000     0.000099434400566
9.300000     0.000200131299869
9.400000     0.000131224118776
9.500000     0.000144909605090
9.600000     0.000111983638016
9.700000     0.000094813655186
9.800000     0.000120290879709
9.900000     0.000125189374811
10.000000     0.000111226138774
10.100000     0.000097742652257
10.200000     0.000085698414302
10.300000     0.000086481163519
10.400000     0.000073174426826
10.500000     0.000105721644278
10.600000     0.000125315624684
10.700000     0.000122134127866
10.800000     0.000099030400970
10.900000     0.000092566407434
11.000000     0.000101555398445
11.100000     0.000133698616301
11.200000     0.000130592869407
11.300000     0.000134632865367
11.400000     0.000139228360772
11.500000     0.000124431875568
11.600000     0.000101782648217
11.700000     0.000129810120190
11.800000     0.000117816382184
11.900000     0.000108398141602
12.000000     0.000100318149682
12.100000     0.000065978184022
12.200000     0.000113195636804
12.300000     0.000104358145642
12.400000     0.000142738107262
12.500000     0.000120290879709
12.600000     0.000096252903747
12.700000     0.000112917887082
12.800000     0.000093955156045
12.900000     0.000091379658620
13.000000     0.000098348651651
13.100000     0.000164503585496
13.200000     0.000106024643975
13.300000     0.000078880921119
13.400000     0.000091480658519
13.500000     0.000077492172508
13.600000     0.000106277143723
13.700000     0.000080219169781
13.800000     0.000125770124230
13.900000     0.000148974851025
14.000000     0.000073755176245
14.100000     0.000114281385719
14.200000     0.000142864357136
14.300000     0.000117563882436
14.400000     0.000113246136754
14.500000     0.000150641349359
14.600000     0.000081835168165
14.700000     0.000128673871326
14.800000     0.000138041611958
14.900000     0.000108776891223
15.000000     0.000105797394203
15.100000     0.000109711140289
15.200000     0.000121275628724
15.300000     0.000114129885870
15.400000     0.000109559640440
15.500000     0.000121704878295
15.600000     0.000124861125139
15.700000     0.000119104130896
15.800000     0.000092490657509
15.900000     0.000121982628017
16.000000     0.000095899404101
16.100000     0.000112337137663
16.200000     0.000165942834057
16.300000     0.000099838400162
16.400000     0.000089233410767
16.500000     0.000085622664377
16.600000     0.000138521361479
16.700000     0.000139177860822
16.800000     0.000110367639632
16.900000     0.000125214624785
17.000000     0.000158847591152
17.100000     0.000092440157560
17.200000     0.000106125643874
17.300000     0.000133042116958
17.400000     0.000139859610140
17.500000     0.000084435915564
17.600000     0.000155741844258
17.700000     0.000115543884456
17.800000     0.000081304918695
17.900000     0.000091253408747
18.000000     0.000105342894657
18.100000     0.000143344106656
18.200000     0.000115569134431
18.300000     0.000100015149985
18.400000     0.000143041106959
18.500000     0.000100722149278
18.600000     0.000111731138269
18.700000     0.000090773659226
18.800000     0.000093046156954
18.900000     0.000088627411373
19.000000     0.000105065144935
19.100000     0.000113574386426
19.200000     0.000125719624280
19.300000     0.000121906878093
19.400000     0.000162736087264
19.500000     0.000118371881628
19.600000     0.000091707908292
19.700000     0.000150515099485
19.800000     0.000157559842440
19.900000     0.000092970407030
20.000000     0.000103247146753
20.100000     0.000128067871932
20.200000     0.000113624886375
20.300000     0.000123169376831
20.400000     0.000119684880315
20.500000     0.000118599131401
20.600000     0.000135819614180
20.700000     0.000144278355722
20.800000     0.000114230885769
20.900000     0.000153343096657
21.000000     0.000170336329664
21.100000     0.000108221391779
21.200000     0.000145061104939
21.300000     0.000131931118069
21.400000     0.000169200080800
21.500000     0.000134001615998
21.600000     0.000170664579335
21.700000     0.000114483385517
21.800000     0.000102287647712
21.900000     0.000129330370670
22.000000     0.000129507120493
22.100000     0.000109054640945
22.200000     0.000116326633673
22.300000     0.000106958893041
22.400000     0.000145768104232
22.500000     0.000068705181295
22.600000     0.000118927381073
22.700000     0.000108776891223
22.800000     0.000122613877386
22.900000     0.000164251085749
23.000000     0.000097944652055
23.100000     0.000158519341481
23.200000     0.000069412180588
23.300000     0.000144985355015
23.400000     0.000093248156752
23.500000     0.000098474901525
23.600000     0.000089536410464
23.700000     0.000111428138572
23.800000     0.000116579133421
23.900000     0.000134456115544
24.000000     0.000108372891627
24.100000     0.000111125138875
24.200000     0.000112261387739
24.300000     0.000109887890112
24.400000     0.000078603171397
24.500000     0.000097086152914
24.600000     0.000092238157762
24.700000     0.000154858095142
24.800000     0.000114887385113
24.900000     0.000145111604888
25.000000     0.000095949904050
25.100000     0.000115998384002
25.200000     0.000124457125543
25.300000     0.000120518129482
25.400000     0.000110190889809
25.500000     0.000115872134128
25.600000     0.000120694879305
25.700000     0.000104433895566
25.800000     0.000145843854156
25.900000     0.000103095646904
26.000000     0.000121300878699
26.100000     0.000103019896980
26.200000     0.000107034642965
26.300000     0.000116528633471
26.400000     0.000115190384810
26.500000     0.000089485910514
26.600000     0.000108600141400
26.700000     0.000112362387638
26.800000     0.000084511665488
26.900000     0.000122790627209
27.000000     0.000147712352288
27.100000     0.000140061609938
27.200000     0.000111832138168
27.300000     0.000147560852439
27.400000     0.000098878901121
27.500000     0.000092465407535
27.600000     0.000097818402182
27.700000     0.000117412382588
27.800000     0.000162534087466
27.900000     0.000117361882638
28.000000     0.000126780123220
28.100000     0.000104055145945
28.200000     0.000158645591354
28.300000     0.000087996162004
28.400000     0.000092212907787
28.500000     0.000112513887486
28.600000     0.000185915564084
28.700000     0.000104080395920
28.800000     0.000127335622664
28.900000     0.000184552065448
29.000000     0.000077769922230
29.100000     0.000127613372387
29.200000     0.000120189879810
29.300000     0.000105847894152
29.400000     0.000113372386628
29.500000     0.000099005150995
29.600000     0.000086253913746
29.700000     0.000111478638521
29.800000     0.000092919907080
29.900000     0.000115998384002
30.000000     0.000113751136249
30.100000     0.000126148873851
30.200000     0.000105923644076
30.300000     0.000134885365115
30.400000     0.000117437632562
30.500000     0.000088551661448
30.600000     0.000090167659832
30.700000     0.000110695889304
30.800000     0.000090596909403
30.900000     0.000127992122008
31.000000     0.000097010402990
31.100000     0.000100873649126
31.200000     0.000130769619230
31.300000     0.000151600848399
31.400000     0.000132335117665
31.500000     0.000084839915160
31.600000     0.000121755378245
31.700000     0.000121124128876
31.800000     0.000113877386123
31.900000     0.000114761135239
32.000000     0.000091101908898
32.100000     0.000142308857691
32.200000     0.000108751641248
32.300000     0.000114912635087
32.400000     0.000111630138370
32.500000     0.000097010402990
32.600000     0.000089081910918
32.700000     0.000106681143319
32.800000     0.000140970609029
32.900000     0.000102085647914
33.000000     0.000124128875871
33.100000     0.000094333905666
33.200000     0.000150212099788
33.300000     0.000130794869205
33.400000     0.000105267144733
33.500000     0.000095545904454
33.600000     0.000116175133825
33.700000     0.000094611655388
33.800000     0.000135819614180
33.900000     0.000145667104333
34.000000     0.000097894152106
34.100000     0.000125896374104
34.200000     0.000115165134835
34.300000     0.000100545399455
34.400000     0.000108019391981
34.500000     0.000088879911120
34.600000     0.000110115139885
34.700000     0.000083425916574
34.800000     0.000103777396223
34.900000     0.000105292394708
35.000000     0.000073502676497
35.100000     0.000155514594485
35.200000     0.000090925159075
35.300000     0.000116175133825
35.400000     0.000126754873245
35.500000     0.000117058882941
35.600000     0.000142738107262
35.700000     0.000100924149076
35.800000     0.000130214119786
35.900000     0.000124886375114
36.000000     0.000096429653570
36.100000     0.000072745177255
36.200000     0.000123421876578
36.300000     0.000104130895869
36.400000     0.000100242399758
36.500000     0.000105292394708
36.600000     0.000124583375417
36.700000     0.000131577618422
36.800000     0.000123674376326
36.900000     0.000122765377235
37.000000     0.000111503888496
37.100000     0.000131148368852
37.200000     0.000100015149985
37.300000     0.000138571861428
37.400000     0.000087895162105
37.500000     0.000095874154126
37.600000     0.000116629633370
37.700000     0.000117563882436
37.800000     0.000142889607110
37.900000     0.000108221391779
38.000000     0.000098348651651
38.100000     0.000152737097263
38.200000     0.000194424805575
38.300000     0.000068376931623
38.400000     0.000098575901424
38.500000     0.000108549641450
38.600000     0.000128118371882
38.700000     0.000173618826381
38.800000     0.000090041409959
38.900000     0.000078249671750
39.000000     0.000109382890617
39.100000     0.000157660842339
39.200000     0.000132789617210
39.300000     0.000082415917584
39.400000     0.000104661145339
39.500000     0.000116932633067
39.600000     0.000124229875770
39.700000     0.000123800626199
39.800000     0.000109837390163
39.900000     0.000092010907989
40.000000     0.000165286334714
40.100000     0.000093879406121
40.200000     0.000141677608322
40.300000     0.000108423391577
40.400000     0.000116553883446
40.500000     0.000084385415615
40.600000     0.000112917887082
40.700000     0.000076330673669
40.800000     0.000177709322291
40.900000     0.000171876578123
41.000000     0.000113347136653
41.100000     0.000153999596000
41.200000     0.000120745379255
41.300000     0.000160539339461
41.400000     0.000119053630946
41.500000     0.000097868902131
41.600000     0.000096934653065
41.700000     0.000106706393294
41.800000     0.000153595596404
41.900000     0.000081229168771
42.000000     0.000095141904858
42.100000     0.000122134127866
42.200000     0.000120316129684
42.300000     0.000128572871427
42.400000     0.000101605898394
42.500000     0.000128572871427
42.600000     0.000113195636804
42.700000     0.000100621149379
42.800000     0.000110493889506
42.900000     0.000132183617816
43.000000     0.000112513887486
43.100000     0.000111655388345
43.200000     0.000115190384810
43.300000     0.000104888395112
43.400000     0.000139632360368
43.500000     0.000104282395718
43.600000     0.000110443389557
43.700000     0.000101176648823
43.800000     0.000108322391678
43.900000     0.000119078880921
44.000000     0.000113549136451
44.100000     0.000110064639935
44.200000     0.000114836885163
44.300000     0.000116048883951
44.400000     0.000133850116150
44.500000     0.000104130895869
44.600000     0.000079108170892
44.700000     0.000132183617816
44.800000     0.000093525906474
44.900000     0.000141955358045
45.000000     0.000156751843248
45.100000     0.000126502373498
45.200000     0.000110493889506
45.300000     0.000101100898899
45.400000     0.000082213917786
45.500000     0.000102413897586
45.600000     0.000146172103828
45.700000     0.000130996869003
45.800000     0.000128269871730
45.900000     0.000141601858398
46.000000     0.000092187657812
46.100000     0.000118144631855
46.200000     0.000154529845470
46.300000     0.000137082112918
46.400000     0.000144354105646
46.500000     0.000124053125947
46.600000     0.000175916574083
46.700000     0.000096480153520
46.800000     0.000123952126048
46.900000     0.000104509645490
47.000000     0.000082870417130
47.100000     0.000104231895768
47.200000     0.000095672154328
47.300000     0.000147687102313
47.400000     0.000099636400364
47.500000     0.000109786890213
47.600000     0.000100191899808
47.700000     0.000088198161802
47.800000     0.000132183617816
47.900000     0.000119836380164
48.000000     0.000141071608928
48.100000     0.000123598626401
48.200000     0.000119659630340
48.300000     0.000106681143319
48.400000     0.000154858095142
48.500000     0.000106807393193
48.600000     0.000134759115241
48.700000     0.000162332087668
48.800000     0.000132915867084
48.900000     0.000117210382790
49.000000     0.000110544389456
49.100000     0.000115518634481
49.200000     0.000136703363297
49.300000     0.000104156145844
49.400000     0.000135516614483
49.500000     0.000100090899909
49.600000     0.000155716594283
49.700000     0.000172078577921
49.800000     0.000152333097667
49.900000     0.000109559640440
50.000000     0.000095419654580
50.100000     0.000142940107060
50.200000     0.000125012624987
50.300000     0.000125467124533
50.400000     0.000111377638622
50.500000     0.000109307140693
50.600000     0.000127411372589
50.700000     0.000159302090698
50.800000     0.000110519139481
50.900000     0.000114912635087
51.000000     0.000105923644076
51.100000     0.000122588627411
51.200000     0.000085698414302
51.300000     0.000105418644581
51.400000     0.000110468639531
51.500000     0.000152762347238
51.600000     0.000095545904454
51.700000     0.000094081405919
51.800000     0.000127184122816
51.900000     0.000126502373498
52.000000     0.000166144833855
52.100000     0.000099434400566
52.200000     0.000178517321483
52.300000     0.000091000908999
52.400000     0.000124482375518
52.500000     0.000113624886375
52.600000     0.000129734370266
52.700000     0.000098979901020
52.800000     0.000125492374508
52.900000     0.000102287647712
53.000000     0.000104787395213
53.100000     0.000137359862640
53.200000     0.000088728411272
53.300000     0.000110645389355
53.400000     0.000149732350268
53.500000     0.000123017876982
53.600000     0.000126224623775
53.700000     0.000104459145541
53.800000     0.000092288657711
53.900000     0.000120745379255
54.000000     0.000126325623674
54.100000     0.000110266639733
54.200000     0.000114104635895
54.300000     0.000105797394203
54.400000     0.000120290879709
54.500000     0.000123926876073
54.600000     0.000173593576406
54.700000     0.000179603070397
54.800000     0.000125088374912
54.900000     0.000111781638218
55.000000     0.000099055650944
55.100000     0.000111453388547
55.200000     0.000107968892031
55.300000     0.000139910110090
55.400000     0.000122260377740
55.500000     0.000132638117362
55.600000     0.000144025855974
55.700000     0.000158191091809
55.800000     0.000185057064943
55.900000     0.000102615897384
56.000000     0.000155716594283
56.100000     0.000103928896071
56.200000     0.000125517624482
56.300000     0.000097591152409
56.400000     0.000111579638420
56.500000     0.000143041106959
56.600000     0.000109382890617
56.700000     0.000102136147864
56.800000     0.000118523381477
56.900000     0.000161322088678
57.000000     0.000088071911928
57.100000     0.000126603373397
57.200000     0.000128825371175
57.300000     0.000181774568225
57.400000     0.000090950409050
57.500000     0.000130239369761
57.600000     0.000120290879709
57.700000     0.000149126350874
57.800000     0.000137738612261
57.900000     0.000163443086557
58.000000     0.000099131400869
58.100000     0.000107539642460
58.200000     0.000098929401071
58.300000     0.000086430663569
58.400000     0.000125972124028
58.500000     0.000128219371781
58.600000     0.000104736895263
58.700000     0.000132133117867
58.800000     0.000123674376326
58.900000     0.000168594081406
59.000000     0.000094485405515
59.100000     0.000130567619432
59.200000     0.000094510655489
59.300000     0.000111226138774
59.400000     0.000072972427028
59.500000     0.000097363902636
59.600000     0.000091354408646
59.700000     0.000092692657307
59.800000     0.000128901121099
59.900000     0.000123750126250
60.000000     0.000112539137461
60.100000     0.000152939097061
60.200000     0.000126174123826
60.300000     0.000120189879810
60.400000     0.000109584890415
60.500000     0.000151045348955
60.600000     0.000132158367842
60.700000     0.000114256135744
60.800000     0.000086632663367
60.900000     0.000141197858802
61.000000     0.000095949904050
61.100000     0.000113751136249
61.200000     0.000139455610544
61.300000     0.000143596606403
61.400000     0.000130820119180
61.500000     0.000116377133623
61.600000     0.000170184829815
61.700000     0.000144253105747
61.800000     0.000112741137259
61.900000     0.000158165841834
62.000000     0.000118346631653
62.100000     0.000134077365923
62.200000     0.000124684375316
62.300000     0.000163948086052
62.400000     0.000102792647207
62.500000     0.000136450863549
62.600000     0.000129077870922
62.700000     0.000098373901626
62.800000     0.000127133622866
62.900000     0.000126022623977
63.000000     0.000104408645591
63.100000     0.000151752348248
63.200000     0.000104964145036
63.300000     0.000115417634582
63.400000     0.000117563882436
63.500000     0.000114836885163
63.600000     0.000140112109888
63.700000     0.000117008382992
63.800000     0.000130315119685
63.900000     0.000131653368347
64.000000     0.000125138874861
64.100000     0.000122512877487
64.200000     0.000093374406626
64.300000     0.000130719119281
64.400000     0.000152030097970
64.500000     0.000093172406828
64.600000     0.000142712857287
64.700000     0.000110620139380
64.800000     0.000115821634178
64.900000     0.000148596101404
65.000000     0.000112589637410
65.100000     0.000101277648722
65.200000     0.000116048883951
65.300000     0.000098323401677
65.400000     0.000127310372690
65.500000     0.000113927886072
65.600000     0.000085774164226
65.700000     0.000107766892233
65.800000     0.000096050903949
65.900000     0.000117967882032
66.000000     0.000133067366933
66.100000     0.000083072416928
66.200000     0.000106782143218
66.300000     0.000082365417635
66.400000     0.000137991112009
66.500000     0.000088627411373
66.600000     0.000122285627714
66.700000     0.000079486920513
66.800000     0.000096808403192
66.900000     0.000120795879204
67.000000     0.000160438339562
67.100000     0.000114609635390
67.200000     0.000122310877689
67.300000     0.000124330875669
67.400000     0.000184602565397
67.500000     0.000121755378245
67.600000     0.000110645389355
67.700000     0.000108246641753
67.800000     0.000089056660943
67.900000     0.000078754671245
68.000000     0.000157155842844
68.100000     0.000085193414807
68.200000     0.000094990405010
68.300000     0.000133092616907
68.400000     0.000206393293607
68.500000     0.000122891627108
68.600000     0.000098146651853
68.700000     0.000128017371983
68.800000     0.000135743864256
68.900000     0.000085950914049
69.000000     0.000126426623573
69.100000     0.000106908393092
69.200000     0.000095722654277
69.300000     0.000100999899000
69.400000     0.000145414604585
69.500000     0.000145061104939
69.600000     0.000145439854560
69.700000     0.000135541864458
69.800000     0.000103524896475
69.900000     0.000123194626805
70.000000     0.000112690637309
70.100000     0.000117412382588
70.200000     0.000130719119281
70.300000     0.000141728108272
70.400000     0.000125290374710
70.500000     0.000104130895869
70.600000     0.000128875871124
70.700000     0.000140945359055
70.800000     0.000168972831027
70.900000     0.000122512877487
71.000000     0.000148772851227
71.100000     0.000116528633471
71.200000     0.000115139884860
71.300000     0.000118321381679
71.400000     0.000140238359762
71.500000     0.000115720634279
71.600000     0.000111882638117
71.700000     0.000137637612362
71.800000     0.000111933138067
71.900000     0.000130618119382
72.000000     0.000108928391072
72.100000     0.000109761640238
72.200000     0.000134557115443
72.300000     0.000101555398445
72.400000     0.000182229067771
72.500000     0.000125871124129
72.600000     0.000121603878396
72.700000     0.000101201898798
72.800000     0.000159125340875
72.900000     0.000126704373296
73.000000     0.000155085344915
73.100000     0.000183062316938
73.200000     0.000105544894455
73.300000     0.000138092111908
73.400000     0.000130188869811
73.500000     0.000144278355722
73.600000     0.000119937380063
73.700000     0.000142914857085
73.800000     0.000133092616907
73.900000     0.000135693364307
74.000000     0.000127840622159
74.100000     0.000107514392486
74.200000     0.000136551863448
74.300000     0.000128446621553
74.400000     0.000118447631552
74.500000     0.000117538632461
74.600000     0.000115291384709
74.700000     0.000106958893041
74.800000     0.000156928593071
74.900000     0.000120189879810
75.000000     0.000112741137259
75.100000     0.000108726391274
75.200000     0.000106731643268
75.300000     0.000079966670033
75.400000     0.000116604383396
75.500000     0.000098626401374
75.600000     0.000141223108777
75.700000     0.000120871629128
75.800000     0.000131931118069
75.900000     0.000107665892334
76.000000     0.000136678113322
76.100000     0.000110594889405
76.200000     0.000147990102010
76.300000     0.000110670639329
76.400000     0.000113170386830
76.500000     0.000105923644076
76.600000     0.000156474093526
76.700000     0.000183946066054
76.800000     0.000114685385315
76.900000     0.000092162407838
77.000000     0.000102388647611
77.100000     0.000112236137764
77.200000     0.000183188566811
77.300000     0.000151600848399
77.400000     0.000151398848601
77.500000     0.000138243611756
77.600000     0.000096581153419
77.700000     0.000107867892132
77.800000     0.000190081809918
77.900000     0.000109711140289
78.000000     0.000162104837895
78.100000     0.000121351378649
78.200000     0.000123017876982
78.300000     0.000098752651247
78.400000     0.000087541662458
78.500000     0.000117361882638
78.600000     0.000116503383497
78.700000     0.000134658115342
78.800000     0.000093677406323
78.900000     0.000079234420766
79.000000     0.000131653368347
79.100000     0.000097086152914
79.200000     0.000107337642662
79.300000     0.000106605393395
79.400000     0.000155262094738
79.500000     0.000096353903646
79.600000     0.000161852338148
79.700000     0.000174628825371
79.800000     0.000121502878497
79.900000     0.000163039086961
80.000000     0.000102312897687
80.100000     0.000123497626502
80.200000     0.000144404605595
80.300000     0.000138546611453
80.400000     0.000078274921725
80.500000     0.000145591354409
80.600000     0.000126805373195
80.700000     0.000107766892233
80.800000     0.000127992122008
80.900000     0.000094662155338
81.000000     0.000142132107868
81.100000     0.000084183415817
81.200000     0.000135592364408
81.300000     0.000089713160287
81.400000     0.000118548631451
81.500000     0.000175436824563
81.600000     0.000096757903242
81.700000     0.000161877588122
81.800000     0.000099181900818
81.900000     0.000144682355318
82.000000     0.000161145338855
82.100000     0.000127360872639
82.200000     0.000133067366933
82.300000     0.000088198161802
82.400000     0.000119508130492
82.500000     0.000138647611352
82.600000     0.000130946369054
82.700000     0.000137334612665
82.800000     0.000116629633370
82.900000     0.000124482375518
83.000000     0.000119659630340
83.100000     0.000172583577416
83.200000     0.000134026865973
83.300000     0.000121477628522
83.400000     0.000143419856580
83.500000     0.000107943642056
83.600000     0.000102009897990
83.700000     0.000116983133017
83.800000     0.000144051105949
83.900000     0.000118119381881
84.000000     0.000128875871124
84.100000     0.000121225128775
84.200000     0.000087743662256
84.300000     0.000111377638622
84.400000     0.000112387637612
84.500000     0.000131905868094
84.600000     0.000120619129381
84.700000     0.000102792647207
84.800000     0.000096909403091
84.900000     0.000114836885163
85.000000     0.000099535400465
85.100000     0.000162104837895
85.200000     0.000102035147965
85.300000     0.000145389354611
85.400000     0.000088703161297
85.500000     0.000103878396122
85.600000     0.000093399656600
85.700000     0.000139203110797
85.800000     0.000102590647409
85.900000     0.000125290374710
86.000000     0.000122891627108
86.100000     0.000108170891829
86.200000     0.000110064639935
86.300000     0.000140364609635
86.400000     0.000142132107868
86.500000     0.000145086354914
86.600000     0.000095621654378
86.700000     0.000097515402485
86.800000     0.000187632562367
86.900000     0.000162130087870
87.000000     0.000150161599838
87.100000     0.000156751843248
87.200000     0.000107085142915
87.300000     0.000147762852237
87.400000     0.000120467629532
87.500000     0.000097237652762
87.600000     0.000136804363196
87.700000     0.000131653368347
87.800000     0.000137258862741
87.900000     0.000100191899808
88.000000     0.000094889405111
88.100000     0.000149883850116
88.200000     0.000106049893950
88.300000     0.000101252398748
88.400000     0.000112513887486
88.500000     0.000122588627411
88.600000     0.000101252398748
88.700000     0.000121629128371
88.800000     0.000129709120291
88.900000     0.000115114634885
89.000000     0.000136097363903
89.100000     0.000115392384608
89.200000     0.000102514897485
89.300000     0.000147762852237
89.400000     0.000135718614281
89.500000     0.000118649631350
89.600000     0.000124962125038
89.700000     0.000157029592970
89.800000     0.000112286637713
89.900000     0.000115619634380
90.000000     0.000097086152914
90.100000     0.000104509645490
90.200000     0.000096985153015
90.300000     0.000136652863347
90.400000     0.000100494899505
90.500000     0.000128219371781
90.600000     0.000117892132108
90.700000     0.000123270376730
90.800000     0.000122967377033
90.900000     0.000104736895263
91.000000     0.000098146651853
91.100000     0.000137208362792
91.200000     0.000113599636400
91.300000     0.000146954853045
91.400000     0.000095722654277
91.500000     0.000122310877689
91.600000     0.000108423391577
91.700000     0.000140213109787
91.800000     0.000140415109585
91.900000     0.000132133117867
92.000000     0.000096581153419
92.100000     0.000106681143319
92.200000     0.000117260882739
92.300000     0.000112791637208
92.400000     0.000101252398748
92.500000     0.000143470356530
92.600000     0.000114609635390
92.700000     0.000141500858499
92.800000     0.000108297141703
92.900000     0.000128244621755
93.000000     0.000101277648722
93.100000     0.000119129380871
93.200000     0.000114357135643
93.300000     0.000089309160691
93.400000     0.000104383395617
93.500000     0.000081582668417
93.600000     0.000140465609534
93.700000     0.000105948894051
93.800000     0.000166624583375
93.900000     0.000129456620543
94.000000     0.000117311382689
94.100000     0.000114306635693
94.200000     0.000122235127765
94.300000     0.000128093121907
94.400000     0.000166700333300
94.500000     0.000128875871124
94.600000     0.000119280880719
94.700000     0.000106580143420
94.800000     0.000160362589637
94.900000     0.000092970407030
95.000000     0.000141096858903
95.100000     0.000114988385012
95.200000     0.000120922129078
95.300000     0.000129936370064
95.400000     0.000133572366428
95.500000     0.000115064134936
95.600000     0.000088450661549
95.700000     0.000128118371882
95.800000     0.000105191394809
95.900000     0.000116781133219
96.000000     0.000132133117867
96.100000     0.000124911625088
96.200000     0.000105923644076
96.300000     0.000094990405010
96.400000     0.000106908393092
96.500000     0.000129734370266
96.600000     0.000124633875366
96.700000     0.000107085142915
96.800000     0.000119962630037
96.900000     0.000146222603777
97.000000     0.000122664377336
97.100000     0.000144303605696
97.200000     0.000134279365721
97.300000     0.000129961620038
97.400000     0.000104257145743
97.500000     0.000102565397435
97.600000     0.000119306130694
97.700000     0.000089713160287
97.800000     0.000172154327846
97.900000     0.000107236642763
98.000000     0.000141930108070
98.100000     0.000108524391476
98.200000     0.000100823149177
98.300000     0.000137082112918
98.400000     0.000130138369862
98.500000     0.000078906171094
98.600000     0.000101908898091
98.700000     0.000108549641450
98.800000     0.000105494394506
98.900000     0.000097464902535
99.000000     0.000108751641248
99.100000     0.000098197151803
99.200000     0.000141627108373
99.300000     0.000132941117059
99.400000     0.000142157357843
99.500000     0.000141576608423
99.600000     0.000131123118877
99.700000     0.000128143621856
99.800000     0.000143091606908
99.900000     0.000106857893142
100.000000     0.000167558832441
100.100000     0.000140187859812
100.200000     0.000089586910413
100.300000     0.000104231895768
100.400000     0.000180663569336
100.500000     0.000119659630340
100.600000     0.000099611150389
100.700000     0.000091177658822
100.800000     0.000098298151702
100.900000     0.000116604383396
101.000000     0.000140591859408
101.100000     0.000080875669124
101.200000     0.000147081102919
101.300000     0.000087188162812
101.400000     0.000088854661145
101.500000     0.000103676396324
101.600000     0.000108322391678
101.700000     0.000132082617917
101.800000     0.000094788405212
101.900000     0.000152585597414
102.000000     0.000160110089890
102.100000     0.000110746389254
102.200000     0.000119634380366
102.300000     0.000129128370872
102.400000     0.000101833148167
102.500000     0.000107186142814
102.600000     0.000117816382184
102.700000     0.000123245126755
102.800000     0.000109155640844
102.900000     0.000098550651449
103.000000     0.000096581153419
103.100000     0.000096555903444
103.200000     0.000135011614988
103.300000     0.000120694879305
103.400000     0.000121982628017
103.500000     0.000154605595394
103.600000     0.000122184627815
103.700000     0.000090697909302
103.800000     0.000112109887890
103.900000     0.000122235127765
104.000000     0.000104812645187
104.100000     0.000090571659428
104.200000     0.000101227148773
104.300000     0.000122310877689
104.400000     0.000132133117867
104.500000     0.000100797899202
104.600000     0.000120644379356
104.700000     0.000096833653166
104.800000     0.000130138369862
104.900000     0.000106832643167
105.000000     0.000170563579436
105.100000     0.000139783860216
105.200000     0.000122967377033
105.300000     0.000122033127967
105.400000     0.000095773154227
105.500000     0.000103853146147
105.600000     0.000102944147056
105.700000     0.000118321381679
105.800000     0.000124659125341
105.900000     0.000136501363499
106.000000     0.000148722351278
106.100000     0.000105065144935
106.200000     0.000125820624179
106.300000     0.000094157155843
106.400000     0.000107766892233
106.500000     0.000075850924149
106.600000     0.000138900111100
106.700000     0.000115644884355
106.800000     0.000085572164428
106.900000     0.000171447328553
107.000000     0.000082819917180
107.100000     0.000127411372589
107.200000     0.000090899909100
107.300000     0.000095646904353
107.400000     0.000099207150793
107.500000     0.000115089384911
107.600000     0.000119861630138
107.700000     0.000108347641652
107.800000     0.000122916877083
107.900000     0.000138950611049
108.000000     0.000166826583173
108.100000     0.000077214422786
108.200000     0.000163872336128
108.300000     0.000140844359156
108.400000     0.000099358650641
108.500000     0.000149252600747
108.600000     0.000125467124533
108.700000     0.000095520654479
108.800000     0.000107539642460
108.900000     0.000115973134027
109.000000     0.000092389657610
109.100000     0.000141803858196
109.200000     0.000103625896374
109.300000     0.000088829411171
109.400000     0.000098575901424
109.500000     0.000122639127361
109.600000     0.000127588122412
109.700000     0.000116478133522
109.800000     0.000106176143824
109.900000     0.000155388344612
110.000000     0.000098575901424
110.100000     0.000141551358449
110.200000     0.000157231592768
110.300000     0.000107337642662
110.400000     0.000115771134229
110.500000     0.000089460660539
110.600000     0.000134658115342
110.700000     0.000158898091102
110.800000     0.000146323603676
110.900000     0.000113195636804
111.000000     0.000131426118574
111.100000     0.000125265124735
111.200000     0.000094636905363
111.300000     0.000104888395112
111.400000     0.000104181395819
111.500000     0.000119962630037
111.600000     0.000112084637915
111.700000     0.000109029390971
111.800000     0.000159554590445
111.900000     0.000095167154833
112.000000     0.000119533380467
112.100000     0.000112059387941
112.200000     0.000098904151096
112.300000     0.000092541157459
112.400000     0.000084284415716
112.500000     0.000124002625997
112.600000     0.000111402888597
112.700000     0.000135971114029
112.800000     0.000114230885769
112.900000     0.000114028885971
113.000000     0.000089814160186
113.100000     0.000150994849005
113.200000     0.000173593576406
113.300000     0.000117058882941
113.400000     0.000091783658216
113.500000     0.000134557115443
113.600000     0.000123194626805
113.700000     0.000102237147763
113.800000     0.000114407635592
113.900000     0.000129153620846
114.000000     0.000152661347339
114.100000     0.000091632158368
114.200000     0.000113700636299
114.300000     0.000133875366125
114.400000     0.000131224118776
114.500000     0.000127436622563
114.600000     0.000147838602161
114.700000     0.000098954651045
114.800000     0.000105671144329
114.900000     0.000166094333906
115.000000     0.000118725381275
115.100000     0.000093349156651
115.200000     0.000130441369559
115.300000     0.000109332390668
115.400000     0.000127133622866
115.500000     0.000073502676497
115.600000     0.000119356630643
115.700000     0.000138849611150
115.800000     0.000083249166751
115.900000     0.000092212907787
116.000000     0.000109307140693
116.100000     0.000102338147662
116.200000     0.000092414907585
116.300000     0.000114533885466
116.400000     0.000167331582668
116.500000     0.000125946874053
116.600000     0.000102489647510
116.700000     0.000127966872033
116.800000     0.000103979396021
116.900000     0.000103524896475
117.000000     0.000106908393092
117.100000     0.000085092414908
117.200000     0.000140819109181
117.300000     0.000171826078174
117.400000     0.000097060902939
117.500000     0.000112084637915
117.600000     0.000115341884658
117.700000     0.000114104635895
117.800000     0.000150010099990
117.900000     0.000138698111302
118.000000     0.000125366124634
118.100000     0.000123447126553
118.200000     0.000121805878194
118.300000     0.000132915867084
118.400000     0.000111024138976
118.500000     0.000135743864256
118.600000     0.000096858903141
118.700000     0.000129507120493
118.800000     0.000131375618624
118.900000     0.000127663872336
119.000000     0.000113599636400
119.100000     0.000134531865468
119.200000     0.000113523886476
119.300000     0.000123699626300
119.400000     0.000087642662357
119.500000     0.000081557418443
119.600000     0.000114331885668
119.700000     0.000137991112009
119.800000     0.000172911827088
119.900000     0.000086430663569
120.000000     0.000131097868902
120.100000     0.000181042318958
120.200000     0.000122512877487
120.300000     0.000132688617311
120.400000     0.000091505908494
120.500000     0.000116301383699
120.600000     0.000149101100899
120.700000     0.000145768104232
120.800000     0.000142990607009
120.900000     0.000137258862741
121.000000     0.000131830118170
121.100000     0.000082794667205
121.200000     0.000116452883547
121.300000     0.000124835875164
121.400000     0.000077517422483
121.500000     0.000152383597616
121.600000     0.000154252095748
121.700000     0.000158266841733
121.800000     0.000093323906676
121.900000     0.000125896374104
122.000000     0.000159125340875
122.100000     0.000100873649126
122.200000     0.000154959095041
122.300000     0.000083552166448
122.400000     0.000151424098576
122.500000     0.000116831633168
122.600000     0.000128295121705
122.700000     0.000198540551459
122.800000     0.000128774871225
122.900000     0.000085319664680
123.000000     0.000083905666094
123.100000     0.000149227350773
123.200000     0.000125416624583
123.300000     0.000128471871528
123.400000     0.000140516109484
123.500000     0.000099358650641
123.600000     0.000128724371276
123.700000     0.000137309362691
123.800000     0.000106075143925
123.900000     0.000122639127361
124.000000     0.000119306130694
124.100000     0.000126350873649
124.200000     0.000122563377437
124.300000     0.000099712150288
124.400000     0.000100797899202
124.500000     0.000100242399758
124.600000     0.000112741137259
124.700000     0.000110317139683
124.800000     0.000127790122210
124.900000     0.000099131400869
125.000000     0.000145894354106
125.100000     0.000134254115746
125.200000     0.000127613372387
125.300000     0.000103928896071
125.400000     0.000138571861428
125.500000     0.000148091101909
125.600000     0.000129204120796
125.700000     0.000076128673871
125.800000     0.000097187152813
125.900000     0.000127032622967
126.000000     0.000116957883042
126.100000     0.000093349156651
126.200000     0.000106428643571
126.300000     0.000156297343703
126.400000     0.000090622159378
126.500000     0.000132284617715
126.600000     0.000091935158065
126.700000     0.000144682355318
126.800000     0.000143167356833
126.900000     0.000101656398344
127.000000     0.000131072618927
127.100000     0.000151828098172
127.200000     0.000109635390365
127.300000     0.000136577113423
127.400000     0.000114281385719
127.500000     0.000100570649429
127.600000     0.000126401373599
127.700000     0.000096884153116
127.800000     0.000130845369155
127.900000     0.000111049388951
128.000000     0.000106352893647
128.100000     0.000109231390769
128.200000     0.000160741339259
128.300000     0.000094333905666
128.400000     0.000124760125240
128.500000     0.000120846379154
128.600000     0.000108776891223
128.700000     0.000096934653065
128.800000     0.000097641652358
128.900000     0.000094131905868
129.000000     0.000095040904959
129.100000     0.000128017371983
129.200000     0.000106756893243
129.300000     0.000125366124634
129.400000     0.000134178365822
129.500000     0.000136349863650
129.600000     0.000146525603474
129.700000     0.000099131400869
129.800000     0.000100621149379
129.900000     0.000105014644985
130.000000     0.000098575901424
130.100000     0.000103651146349
130.200000     0.000102893647106
130.300000     0.000134329865670
130.400000     0.000160236339764
130.500000     0.000106277143723
130.600000     0.000089586910413
130.700000     0.000133294616705
130.800000     0.000127461872538
130.900000     0.000090293909706
131.000000     0.000125921624078
131.100000     0.000134708615291
131.200000     0.000090167659832
131.300000     0.000110872639127
131.400000     0.000142359357641
131.500000     0.000136501363499
131.600000     0.000133092616907
131.700000     0.000144707605292
131.800000     0.000130087869912
131.900000     0.000092995657004
132.000000     0.000132309867690
132.100000     0.000107085142915
132.200000     0.000104812645187
132.300000     0.000116983133017
132.400000     0.000070927179073
132.500000     0.000082213917786
132.600000     0.000098550651449
132.700000     0.000122260377740
132.800000     0.000070119179881
132.900000     0.000134733865266
133.000000     0.000111958388042
133.100000     0.000088829411171
133.200000     0.000118927381073
133.300000     0.000097414402586
133.400000     0.000134885365115
133.500000     0.000111327138673
133.600000     0.000088905161095
133.700000     0.000112185637814
133.800000     0.000129456620543
133.900000     0.000117816382184
134.000000     0.000136274113726
134.100000     0.000120644379356
134.200000     0.000122462377538
134.300000     0.000105443894556
134.400000     0.000118952631047
134.500000     0.000116806383194
134.600000     0.000123522876477
134.700000     0.000107337642662
134.800000     0.000102312897687
134.900000     0.000127209372791
135.000000     0.000081229168771
135.100000     0.000134860115140
135.200000     0.000135743864256
135.300000     0.000098146651853
135.400000     0.000106150893849
135.500000     0.000122664377336
135.600000     0.000136147863852
135.700000     0.000121326128674
135.800000     0.000081077668922
135.900000     0.000150363599636
136.000000     0.000093349156651
136.100000     0.000091228158772
136.200000     0.000106453893546
136.300000     0.000128396121604
136.400000     0.000121048378952
136.500000     0.000118371881628
136.600000     0.000118548631451
136.700000     0.000112210887789
136.800000     0.000098146651853
136.900000     0.000144076355924
137.000000     0.000159049590950
137.100000     0.000118801131199
137.200000     0.000147813352187
137.300000     0.000131754368246
137.400000     0.000099535400465
137.500000     0.000122336127664
137.600000     0.000111175638824
137.700000     0.000122689627310
137.800000     0.000081229168771
137.900000     0.000115316634683
138.000000     0.000079966670033
138.100000     0.000101681648318
138.200000     0.000101302898697
138.300000     0.000085370164630
138.400000     0.000147384102616
138.500000     0.000092111907888
138.600000     0.000139001110999
138.700000     0.000086657913342
138.800000     0.000108423391577
138.900000     0.000117816382184
139.000000     0.000126249873750
139.100000     0.000140490859509
139.200000     0.000108852641147
139.300000     0.000094914655085
139.400000     0.000131097868902
139.500000     0.000094434905565
139.600000     0.000162988587011
139.700000     0.000129734370266
139.800000     0.000131729118271
139.900000     0.000105469144531
140.000000     0.000143419856580
140.100000     0.000124911625088
140.200000     0.000105645894354
140.300000     0.000101555398445
140.400000     0.000125694374306
140.500000     0.000137460862539
140.600000     0.000105267144733
140.700000     0.000114483385517
140.800000     0.000122184627815
140.900000     0.000110216139784
141.000000     0.000116048883951
141.100000     0.000139455610544
141.200000     0.000145465104535
141.300000     0.000084132915867
141.400000     0.000123825876174
141.500000     0.000150161599838
141.600000     0.000118952631047
141.700000     0.000132486617513
141.800000     0.000137763862236
141.900000     0.000130062619937
142.000000     0.000110493889506
142.100000     0.000122841127159
142.200000     0.000096480153520
142.300000     0.000125946874053
142.400000     0.000125871124129
142.500000     0.000088046661953
142.600000     0.000110443389557
142.700000     0.000108978891021
142.800000     0.000124330875669
142.900000     0.000110544389456
143.000000     0.000087188162812
143.100000     0.000161953338047
143.200000     0.000112943137057
143.300000     0.000153999596000
143.400000     0.000106226643773
143.500000     0.000090950409050
143.600000     0.000130087869912
143.700000     0.000125845874154
143.800000     0.000165235834764
143.900000     0.000129103120897
144.000000     0.000091909908090
144.100000     0.000124255125745
144.200000     0.000106630643369
144.300000     0.000155640844359
144.400000     0.000112867387133
144.500000     0.000164503585496
144.600000     0.000117109382891
144.700000     0.000159655590344
144.800000     0.000122285627714
144.900000     0.000128850621149
145.000000     0.000118548631451
145.100000     0.000124002625997
145.200000     0.000099585900414
145.300000     0.000132865367135
145.400000     0.000100343399657
145.500000     0.000112286637713
145.600000     0.000098171901828
145.700000     0.000130188869811
145.800000     0.000098803151197
145.900000     0.000123901626098
146.000000     0.000100368649631
146.100000     0.000092642157358
146.200000     0.000122411877588
146.300000     0.000084183415817
146.400000     0.000105620644379
146.500000     0.000084789415211
146.600000     0.000127891122109
146.700000     0.000110796889203
146.800000     0.000126350873649
146.900000     0.000092717907282
147.000000     0.000126830623169
147.100000     0.000096379153621
147.200000     0.000096909403091
147.300000     0.000096227653772
147.400000     0.000098449651550
147.500000     0.000106302393698
147.600000     0.000101908898091
147.700000     0.000141172608827
147.800000     0.000130264619735
147.900000     0.000115392384608
148.000000     0.000109307140693
148.100000     0.000101050398950
148.200000     0.000125542874457
148.300000     0.000105393394607
148.400000     0.000101227148773
148.500000     0.000096404403596
148.600000     0.000098954651045
148.700000     0.000194399555600
148.800000     0.000097060902939
148.900000     0.000124760125240
149.000000     0.000105772144228
149.100000     0.000131956368044
149.200000     0.000104459145541
149.300000     0.000161423088577
149.400000     0.000110695889304
149.500000     0.000119381880618
149.600000     0.000089460660539
149.700000     0.000151499848500
149.800000     0.000118498131502
149.900000     0.000145288354712
150.000000     0.000122664377336
150.100000     0.000156171093829
150.200000     0.000133875366125
150.300000     0.000083905666094
150.400000     0.000109307140693
150.500000     0.000124835875164
150.600000     0.000090723159277
150.700000     0.000091127158873
150.800000     0.000135289364711
150.900000     0.000122386627613
151.000000     0.000127537622462
151.100000     0.000138395111605
151.200000     0.000123219876780
151.300000     0.000103070396930
151.400000     0.000079411170589
151.500000     0.000127790122210
151.600000     0.000144859105141
151.700000     0.000078199171801
151.800000     0.000151903848096
151.900000     0.000114685385315
152.000000     0.000142889607110
152.100000     0.000112690637309
152.200000     0.000086481163519
152.300000     0.000092263407737
152.400000     0.000097717402283
152.500000     0.000124356125644
152.600000     0.000105822644177
152.700000     0.000120568629431
152.800000     0.000130087869912
152.900000     0.000169149580850
153.000000     0.000099737400263
153.100000     0.000096732653267
153.200000     0.000142409857590
153.300000     0.000100797899202
153.400000     0.000097389152611
153.500000     0.000115745884254
153.600000     0.000149580850419
153.700000     0.000135011614988
153.800000     0.000120745379255
153.900000     0.000142788607211
154.000000     0.000095040904959
154.100000     0.000112362387638
154.200000     0.000094889405111
154.300000     0.000117058882941
154.400000     0.000143394606605
154.500000     0.000069285930714
154.600000     0.000120947379053
154.700000     0.000115518634481
154.800000     0.000119912130088
154.900000     0.000123573376427
155.000000     0.000091935158065
155.100000     0.000101353398647
155.200000     0.000113624886375
155.300000     0.000094485405515
155.400000     0.000133799616200
155.500000     0.000094636905363
155.600000     0.000113902636097
155.700000     0.000113953136047
155.800000     0.000153721846278
155.900000     0.000105418644581
156.000000     0.000103171396829
156.100000     0.000109307140693
156.200000     0.000155741844258
156.300000     0.000129709120291
156.400000     0.000140970609029
156.500000     0.000108347641652
156.600000     0.000092743157257
156.700000     0.000100696899303
156.800000     0.000127007372993
156.900000     0.000136551863448
157.000000     0.000076658923341
157.100000     0.000155034844965
157.200000     0.000111731138269
157.300000     0.000085445914554
157.400000     0.000076961923038
157.500000     0.000160413089587
157.600000     0.000111604888395
157.700000     0.000094106655893
157.800000     0.000098575901424
157.900000     0.000094687405313
158.000000     0.000109433390567
158.100000     0.000115922634077
158.200000     0.000148368851631
158.300000     0.000093677406323
158.400000     0.000077542672457
158.500000     0.000121376628623
158.600000     0.000135339864660
158.700000     0.000075396424604
158.800000     0.000125719624280
158.900000     0.000119508130492
159.000000     0.000127411372589
159.100000     0.000118700131300
159.200000     0.000096606403394
159.300000     0.000103903646096
159.400000     0.000123371376629
159.500000     0.000065750934249
159.600000     0.000134986365014
159.700000     0.000126376123624
159.800000     0.000084940915059
159.900000     0.000097464902535
160.000000     0.000126376123624
160.100000     0.000125517624482
160.200000     0.000078199171801
160.300000     0.000108347641652
160.400000     0.000076179173821
160.500000     0.000109509140491
160.600000     0.000174805575194
160.700000     0.000082037167963
160.800000     0.000164932835067
160.900000     0.000143773356227
161.000000     0.000099888900111
161.100000     0.000117058882941
161.200000     0.000099914150086
161.300000     0.000116452883547
161.400000     0.000132663367337
161.500000     0.000138647611352
161.600000     0.000078199171801
161.700000     0.000102464397536
161.800000     0.000099434400566
161.900000     0.000097868902131
162.000000     0.000130239369761
162.100000     0.000132991617008
162.200000     0.000105746894253
162.300000     0.000143369356631
162.400000     0.000097212402788
162.500000     0.000109660640339
162.600000     0.000147030602969
162.700000     0.000094561155439
162.800000     0.000103625896374
162.900000     0.000139783860216
163.000000     0.000119987880012
163.100000     0.000078098171902
163.200000     0.000152181597818
163.300000     0.000089990910009
163.400000     0.000107741642258
163.500000     0.000141071608928
163.600000     0.000132234117766
163.700000     0.000117084132916
163.800000     0.000089208160792
163.900000     0.000093803656196
164.000000     0.000074664175336
164.100000     0.000094864155136
164.200000     0.000092894657105
164.300000     0.000123724876275
164.400000     0.000070977679022
164.500000     0.000122765377235
164.600000     0.000099712150288
164.700000     0.000074007675992
164.800000     0.000137688112312
164.900000     0.000108953641046
165.000000     0.000132107867892
165.100000     0.000093929906070
165.200000     0.000131072618927
165.300000     0.000107842642157
165.400000     0.000139026360974
165.500000     0.000122841127159
165.600000     0.000127057872942
165.700000     0.000127436622563
165.800000     0.000146348853651
165.900000     0.000125113624886
166.000000     0.000103802646197
166.100000     0.000161549338451
166.200000     0.000112943137057
166.300000     0.000111579638420
166.400000     0.000073502676497
166.500000     0.000121957378043
166.600000     0.000110392889607
166.700000     0.000117765882234
166.800000     0.000106075143925
166.900000     0.000159807090193
167.000000     0.000091278658721
167.100000     0.000123144126856
167.200000     0.000134405615594
167.300000     0.000116503383497
167.400000     0.000079537420463
167.500000     0.000112539137461
167.600000     0.000127739622260
167.700000     0.000110645389355
167.800000     0.000094510655489
167.900000     0.000141324108676
168.000000     0.000144051105949
168.100000     0.000097389152611
168.200000     0.000095495404505
168.300000     0.000116907383093
168.400000     0.000108297141703
168.500000     0.000085471164529
168.600000     0.000112867387133
168.700000     0.000137233612766
168.800000     0.000061306938693
168.900000     0.000138470861529
169.000000     0.000127032622967
169.100000     0.000125467124533
169.200000     0.000120240379760
169.300000     0.000126552873447
169.400000     0.000112665387335
169.500000     0.000094207655792
169.600000     0.000101126148874
169.700000     0.000126754873245
169.800000     0.000106655893344
169.900000     0.000123775376225
170.000000     0.000115771134229
170.100000     0.000118775881224
170.200000     0.000113397636602
170.300000     0.000103070396930
170.400000     0.000108928391072
170.500000     0.000126982123018
170.600000     0.000117311382689
170.700000     0.000093803656196
170.800000     0.000088778911221
170.900000     0.000108650641349
171.000000     0.000144833855166
171.100000     0.000082744167256
171.200000     0.000107236642763
171.300000     0.000088450661549
171.400000     0.000091581658418
171.500000     0.000137814362186
171.600000     0.000160463589536
171.700000     0.000132133117867
171.800000     0.000126805373195
171.900000     0.000081885668114
172.000000     0.000077290172710
172.100000     0.000127032622967
172.200000     0.000095596404404
172.300000     0.000110342389658
172.400000     0.000107514392486
172.500000     0.000085168164832
172.600000     0.000151398848601
172.700000     0.000103726896273
172.800000     0.000138672861327
172.900000     0.000085168164832
173.000000     0.000148671851328
173.100000     0.000105014644985
173.200000     0.000116680133320
173.300000     0.000099535400465
173.400000     0.000115897384103
173.500000     0.000111226138774
173.600000     0.000085370164630
173.700000     0.000105216644783
173.800000     0.000147358852641
173.900000     0.000069841430159
174.000000     0.000096278153722
174.100000     0.000111781638218
174.200000     0.000154504595495
174.300000     0.000090874659125
174.400000     0.000108600141400
174.500000     0.000057771942228
174.600000     0.000081456418544
174.700000     0.000082643167357
174.800000     0.000127487122513
174.900000     0.000126830623169
175.000000     0.000094737905262
175.100000     0.000095268154732
175.200000     0.000088071911928
175.300000     0.000104130895869
175.400000     0.000118245631754
175.500000     0.000120088879911
175.600000     0.000147611352389
175.700000     0.000120543379457
175.800000     0.000131830118170
175.900000     0.000129986870013
176.000000     0.000116200383800
176.100000     0.000101126148874
176.200000     0.000126325623674
176.300000     0.000091859408141
176.400000     0.000127815372185
176.500000     0.000092768407232
176.600000     0.000135289364711
176.700000     0.000134708615291
176.800000     0.000116023633976
176.900000     0.000101706898293
177.000000     0.000106150893849
177.100000     0.000116452883547
177.200000     0.000083981416019
177.300000     0.000109054640945
177.400000     0.000109408140592
177.500000     0.000148091101909
177.600000     0.000117866882133
177.700000     0.000123043126957
177.800000     0.000137284112716
177.900000     0.000119684880315
178.000000     0.000095369154631
178.100000     0.000117513382487
178.200000     0.000118775881224
178.300000     0.000137208362792
178.400000     0.000113094636905
178.500000     0.000118599131401
178.600000     0.000123194626805
178.700000     0.000099409150591
178.800000     0.000139657610342
178.900000     0.000104080395920
179.000000     0.000120341379659
179.100000     0.000138193111807
179.200000     0.000116149883850
179.300000     0.000155262094738
179.400000     0.000148343601656
179.500000     0.000065473184527
179.600000     0.000149101100899
179.700000     0.000134279365721
179.800000     0.000105368144632
179.900000     0.000078249671750
180.000000     0.000066685183315
180.100000     0.000102363397637
180.200000     0.000117715382285
180.300000     0.000104812645187
180.400000     0.000124457125543
180.500000     0.000100116149884
180.600000     0.000112261387739
180.700000     0.000090521159479
180.800000     0.000093222906777
180.900000     0.000128497121503
181.000000     0.000136779113221
181.100000     0.000085597414403
181.200000     0.000088677911322
181.300000     0.000081052418948
181.400000     0.000084385415615
181.500000     0.000067265932734
181.600000     0.000077744672255
181.700000     0.000151954348046
181.800000     0.000103625896374
181.900000     0.000127259872740
182.000000     0.000100671649328
182.100000     0.000114104635895
182.200000     0.000170008079992
182.300000     0.000114609635390
182.400000     0.000164528835471
182.500000     0.000134279365721
182.600000     0.000116579133421
182.700000     0.000096429653570
182.800000     0.000094535905464
182.900000     0.000086935663064
183.000000     0.000101328148672
183.100000     0.000112008887991
183.200000     0.000101656398344
183.300000     0.000092642157358
183.400000     0.000150136349864
183.500000     0.000085243914756
183.600000     0.000122891627108
183.700000     0.000126603373397
183.800000     0.000149580850419
183.900000     0.000138445611554
184.000000     0.000102009897990
184.100000     0.000128345621654
184.200000     0.000096025653974
184.300000     0.000146626603373
184.400000     0.000083880416120
184.500000     0.000076987173013
184.600000     0.000119028380972
184.700000     0.000096126653873
184.800000     0.000126805373195
184.900000     0.000096581153419
185.000000     0.000117538632461
185.100000     0.000104964145036
185.200000     0.000098197151803
185.300000     0.000106075143925
185.400000     0.000123952126048
185.500000     0.000089334410666
185.600000     0.000087289162711
185.700000     0.000160640339360
185.800000     0.000097010402990
185.900000     0.000096682153318
186.000000     0.000153090596909
186.100000     0.000113069386931
186.200000     0.000110039389961
186.300000     0.000137082112918
186.400000     0.000122664377336
186.500000     0.000119306130694
186.600000     0.000125795374205
186.700000     0.000103550146450
186.800000     0.000112210887789
186.900000     0.000084082415918
187.000000     0.000105191394809
187.100000     0.000127083122917
187.200000     0.000111806888193
187.300000     0.000081102918897
187.400000     0.000109130390870
187.500000     0.000152585597414
187.600000     0.000097793152207
187.700000     0.000096581153419
187.800000     0.000105822644177
187.900000     0.000128926371074
188.000000     0.000067922432078
188.100000     0.000139506110494
188.200000     0.000090470659529
188.300000     0.000081052418948
188.400000     0.000176244823755
188.500000     0.000096555903444
188.600000     0.000106125643874
188.700000     0.000114761135239
188.800000     0.000127259872740
188.900000     0.000126729623270
189.000000     0.000086784163216
189.100000     0.000126047873952
189.200000     0.000145591354409
189.300000     0.000085976164024
189.400000     0.000113044136956
189.500000     0.000152434097566
189.600000     0.000113271386729
189.700000     0.000102237147763
189.800000     0.000103676396324
189.900000     0.000082340167660
190.000000     0.000079057670942
190.100000     0.000104105645894
190.200000     0.000104635895364
190.300000     0.000146601353399
190.400000     0.000093980406020
190.500000     0.000139051610948
190.600000     0.000092263407737
190.700000     0.000102413897586
190.800000     0.000122841127159
190.900000     0.000125921624078
191.000000     0.000127108372892
191.100000     0.000094030905969
191.200000     0.000150944349056
191.300000     0.000102994647005
191.400000     0.000114912635087
191.500000     0.000112968387032
191.600000     0.000100065649934
191.700000     0.000092238157762
191.800000     0.000114306635693
191.900000     0.000121578628421
192.000000     0.000140894859105
192.100000     0.000085218664781
192.200000     0.000186395313605
192.300000     0.000111983638016
192.400000     0.000126502373498
192.500000     0.000110140389860
192.600000     0.000112968387032
192.700000     0.000133496616503
192.800000     0.000110948389052
192.900000     0.000120694879305
193.000000     0.000099005150995
193.100000     0.000114761135239
193.200000     0.000172760327240
193.300000     0.000114079385921
193.400000     0.000088804161196
193.500000     0.000059918190082
193.600000     0.000115670134330
193.700000     0.000134809615190
193.800000     0.000121780628219
193.900000     0.000117437632562
194.000000     0.000104812645187
194.100000     0.000085218664781
194.200000     0.000118902131098
194.300000     0.000088349661650
194.400000     0.000107489142511
194.500000     0.000096757903242
194.600000     0.000126527623472
194.700000     0.000072063427937
194.800000     0.000104105645894
194.900000     0.000111226138774
195.000000     0.000089384910615
195.100000     0.000103247146753
195.200000     0.000123901626098
195.300000     0.000120240379760
195.400000     0.000130239369761
195.500000     0.000093879406121
195.600000     0.000112842137158
195.700000     0.000116781133219
195.800000     0.000112135137865
195.900000     0.000111655388345
196.000000     0.000095672154328
196.100000     0.000115013634986
196.200000     0.000112059387941
196.300000     0.000138193111807
196.400000     0.000107438642561
196.500000     0.000111175638824
196.600000     0.000115518634481
196.700000     0.000107211392789
196.800000     0.000095242904757
196.900000     0.000107766892233
197.000000     0.000104231895768
197.100000     0.000096732653267
197.200000     0.000111478638521
197.300000     0.000139177860822
197.400000     0.000093399656600
197.500000     0.000119457630542
197.600000     0.000054615695384
197.700000     0.000110014139986
197.800000     0.000111478638521
197.900000     0.000159074840925
198.000000     0.000115670134330
198.100000     0.000119735380265
198.200000     0.000105772144228
198.300000     0.000138243611756
198.400000     0.000090293909706
198.500000     0.000168947581052
198.600000     0.000093020906979
198.700000     0.000104762145238
198.800000     0.000110746389254
198.900000     0.000100343399657
199.000000     0.000101378648621
199.100000     0.000104964145036
199.200000     0.000102136147864
199.300000     0.000088551661448
199.400000     0.000106352893647
199.500000     0.000122487627512
199.600000     0.000131148368852
199.700000     0.000086051913948
199.800000     0.000095343904656
199.900000     0.000168013331987
