0.000000     0.000000000000000
0.100000     0.000000000000000
0.200000     0.000000000000000
0.300000     0.000000000000000
0.400000     0.000000000000000
0.500000     0.009722401777598
0.600000     0.008202631047369
0.700000     0.006841101908898
0.800000     0.005993409756590
0.900000     0.005763357236643
1.000000     0.004431421068579
1.100000     0.004325648924351
1.200000     0.003420715079285
1.300000     0.003116023633976
1.400000     0.002658696091304
1.500000     0.002368952631047
1.600000     0.002202934047066
1.700000     0.001842642157358
1.800000     0.001643293606706
1.900000     0.001367084132916
2.000000     0.001139531360469
2.100000     0.001233461266539
2.200000     0.001069689930310
2.300000     0.000893697606302
2.400000     0.000850520149480
2.500000     0.000805802444198
2.600000     0.000687380062620
2.700000     0.000588854661145
2.800000     0.000497020502979
2.900000     0.000573325926674
3.000000     0.000510554489446
3.100000     0.000413847086153
3.200000     0.000358322391678
3.300000     0.000332718917281
3.400000     0.000357918392082
3.500000     0.000328931421069
3.600000     0.000284516715483
3.700000     0.000270124229876
3.800000     0.000267700232300
3.900000     0.000221846278154
4.000000     0.000234648015352
4.100000     0.000176674073326
4.200000     0.000203489546510
4.300000     0.000188541561458
4.400000     0.000182633067367
4.500000     0.000159327340673
4.600000     0.000151903848096
4.700000     0.000142031107969
4.800000     0.000148798101202
4.900000     0.000139859610140
5.000000     0.000108751641248
5.100000     0.000128421371579
5.200000     0.000105948894051
5.300000     0.000125467124533
5.400000     0.000106984143016
5.500000     0.000098298151702
5.600000     0.000088955661044
5.700000     0.000095040904959
5.800000     0.000091000908999
5.900000     0.000079789920210
6.000000     0.000089107160893
6.100000     0.000076860923139
6.200000     0.000075977174023
6.300000     0.000063023936976
6.400000     0.000075118674881
6.500000     0.000075901424099
6.600000     0.000084991415009
6.700000     0.000078249671750
6.800000     0.000059488940511
6.900000     0.000085041914958
7.000000     0.000066205433795
7.100000     0.000066912433088
7.200000     0.000059766690233
7.300000     0.000061862438138
7.400000     0.000076330673669
7.500000     0.000058781941218
7.600000     0.000063604686395
7.700000     0.000070523179477
7.800000     0.000080092919907
7.900000     0.000066937683062
8.000000     0.000053100696899
8.100000     0.000044111705888
8.200000     0.000062670437330
8.300000     0.000056484193516
8.400000     0.000067013432987
8.500000     0.000051030198970
8.600000     0.000055903444097
8.700000     0.000062847187153
8.800000     0.000076633673366
8.900000     0.000070194929805
9.000000     0.000036082213918
9.100000     0.000056383193617
9.200000     0.000052646197354
9.300000     0.000061685688314
9.400000     0.000064867185133
9.500000     0.000045752954247
9.600000     0.000068200181800
9.700000     0.000043278456722
9.800000     0.000048606201394
9.900000     0.000053832946167
10.000000     0.000043556206444
10.100000     0.000044944955055
10.200000     0.000047040702959
10.300000     0.000055474194526
10.400000     0.000051105948894
10.500000     0.000039743460257
10.600000     0.000050020199980
10.700000     0.000041662458338
10.800000     0.000051509948490
10.900000     0.000049060700939
11.000000     0.000044540955459
11.100000     0.000051585698414
11.200000     0.000047747702252
11.300000     0.000042142207858
11.400000     0.000051080698919
11.500000     0.000044768205232
11.600000     0.000043581456419
11.700000     0.000053353196647
11.800000     0.000044641955358
11.900000     0.000045323704676
12.000000     0.000035501464499
12.100000     0.000049489950510
12.200000     0.000046055953944
12.300000     0.000055171194829
12.400000     0.000049237450763
12.500000     0.000038935461065
12.600000     0.000051535198465
12.700000     0.000034440965559
12.800000     0.000060372689627
12.900000     0.000048833451167
13.000000     0.000056686193314
13.100000     0.000064614685385
13.200000     0.000061887688112
13.300000     0.000046156953843
13.400000     0.000062493687506
13.500000     0.000055827694172
13.600000     0.000053858196142
13.700000     0.000051484698515
13.800000     0.000046384203616
13.900000     0.000051661448339
14.000000     0.000047772952227
14.100000     0.000049363700636
14.200000     0.000059539440461
14.300000     0.000041409958590
14.400000     0.000047368952631
14.500000     0.000049262700737
14.600000     0.000045752954247
14.700000     0.000041990708009
14.800000     0.000053302696697
14.900000     0.000054135945864
15.000000     0.000042066457934
15.100000     0.000048984951015
15.200000     0.000047343702656
15.300000     0.000056635693364
15.400000     0.000050525199475
15.500000     0.000044212705787
15.600000     0.000050550449450
15.700000     0.000055120694879
15.800000     0.000047646702353
15.900000     0.000052343197657
16.000000     0.000056812443188
16.100000     0.000053252196748
16.200000     0.000058958691041
16.300000     0.000040046459954
16.400000     0.000059185940814
16.500000     0.000049994950005
16.600000     0.000051535198465
16.700000     0.000041359458641
16.800000     0.000055297444703
16.900000     0.000057090192910
17.000000     0.000058428441572
17.100000     0.000053403696596
17.200000     0.000052999697000
17.300000     0.000062872437128
17.400000     0.000059488940511
17.500000     0.000055347944652
17.600000     0.000064740935259
17.700000     0.000045525704474
17.800000     0.000045096454904
17.900000     0.000050651449349
18.000000     0.000059312190688
18.100000     0.000057216442784
18.200000     0.000042445207555
18.300000     0.000050676699323
18.400000     0.000057393192607
18.500000     0.000058579941420
18.600000     0.000057342692657
18.700000     0.000044540955459
18.800000     0.000050903949096
18.900000     0.000054034945965
19.000000     0.000049010200990
19.100000     0.000054312695687
19.200000     0.000043934956065
19.300000     0.000052317947682
19.400000     0.000059867690132
19.500000     0.000054262195738
19.600000     0.000060347439653
19.700000     0.000047873952126
19.800000     0.000043404706595
19.900000     0.000059110190890
20.000000     0.000053959196041
20.100000     0.000053504696495
20.200000     0.000057670942329
20.300000     0.000060170689829
20.400000     0.000054262195738
20.500000     0.000052014947985
20.600000     0.000067998182002
20.700000     0.000045954954045
20.800000     0.000053656196344
20.900000     0.000059211190789
21.000000     0.000051636198364
21.100000     0.000049186950813
21.200000     0.000067392182608
21.300000     0.000057771942228
21.400000     0.000057595192405
21.500000     0.000057771942228
21.600000     0.000044136955863
21.700000     0.000049868700131
21.800000     0.000052570447430
21.900000     0.000043455206545
22.000000     0.000054388445612
22.100000     0.000056711443289
22.200000     0.000056484193516
22.300000     0.000065548934451
22.400000     0.000059362690637
22.500000     0.000056736693263
22.600000     0.000055448944551
22.700000     0.000048530451470
22.800000     0.000052696697303
22.900000     0.000051004948995
23.000000     0.000055903444097
23.100000     0.000059236440764
23.200000     0.000060978689021
23.300000     0.000058882941117
23.400000     0.000056357943642
23.500000     0.000052595697404
23.600000     0.000052343197657
23.700000     0.000060044439956
23.800000     0.000057569942430
23.900000     0.000053050196950
24.000000     0.000063377436623
24.100000     0.000051838198162
24.200000     0.000063225936774
24.300000     0.000056256943743
24.400000     0.000050853449147
24.500000     0.000067265932734
24.600000     0.000049792950207
24.700000     0.000071760428240
24.800000     0.000064033935966
24.900000     0.000065877184123
25.000000     0.000044616705383
25.100000     0.000070144429856
25.200000     0.000062443187557
25.300000     0.000053302696697
25.400000     0.000063478436522
25.500000     0.000058302191698
25.600000     0.000066432683567
25.700000     0.000060625189375
25.800000     0.000068200181800
25.900000     0.000063276436724
26.000000     0.000056484193516
26.100000     0.000053630946369
26.200000     0.000059665690334
26.300000     0.000056660943339
26.400000     0.000066154933845
26.500000     0.000063554186446
26.600000     0.000064993435007
26.700000     0.000081456418544
26.800000     0.000064134935865
26.900000     0.000072164427836
27.000000     0.000064286435714
27.100000     0.000046712453288
27.200000     0.000059943440057
27.300000     0.000047545702454
27.400000     0.000052595697404
27.500000     0.000057746692253
27.600000     0.000055802444198
27.700000     0.000053252196748
27.800000     0.000058933441067
27.900000     0.000060372689627
28.000000     0.000061559438441
28.100000     0.000050727199273
28.200000     0.000057014442986
28.300000     0.000053151196849
28.400000     0.000050903949096
28.500000     0.000062872437128
28.600000     0.000052898697101
28.700000     0.000053782446218
28.800000     0.000052115947884
28.900000     0.000043707706292
29.000000     0.000057266942733
29.100000     0.000054918695081
29.200000     0.000053504696495
29.300000     0.000051131198869
29.400000     0.000058655691344
29.500000     0.000061029188971
29.600000     0.000053327946672
29.700000     0.000060170689829
29.800000     0.000067240682759
29.900000     0.000053757196243
30.000000     0.000061130188870
30.100000     0.000073755176245
30.200000     0.000050903949096
30.300000     0.000056458943541
30.400000     0.000069184930815
30.500000     0.000060827189173
30.600000     0.000071002928997
30.700000     0.000055903444097
30.800000     0.000067922432078
30.900000     0.000049565700434
31.000000     0.000066786183214
31.100000     0.000057670942329
31.200000     0.000065195434805
31.300000     0.000059716190284
31.400000     0.000065119684880
31.500000     0.000057241692758
31.600000     0.000060372689627
31.700000     0.000071179678820
31.800000     0.000057191192809
31.900000     0.000060473689526
32.000000     0.000056812443188
32.100000     0.000067720432280
32.200000     0.000058377941622
32.300000     0.000053403696596
32.400000     0.000061231188769
32.500000     0.000058756691243
32.600000     0.000059438440562
32.700000     0.000070447429553
32.800000     0.000067695182305
32.900000     0.000070851429149
33.000000     0.000053454196546
33.100000     0.000058983941016
33.200000     0.000057468942531
33.300000     0.000063604686395
33.400000     0.000057595192405
33.500000     0.000071103928896
33.600000     0.000063579436421
33.700000     0.000065649934350
33.800000     0.000077466922533
33.900000     0.000065952934047
34.000000     0.000065346934653
34.100000     0.000064008685991
34.200000     0.000063377436623
34.300000     0.000059968690031
34.400000     0.000064892435108
34.500000     0.000062973437027
34.600000     0.000066180183820
34.700000     0.000080395919604
34.800000     0.000069841430159
34.900000     0.000060044439956
35.000000     0.000059741440259
35.100000     0.000064993435007
35.200000     0.000058150691849
35.300000     0.000051333198667
35.400000     0.000049540450460
35.500000     0.000057115442885
35.600000     0.000069336430664
35.700000     0.000058504191496
35.800000     0.000053832946167
35.900000     0.000061685688314
36.000000     0.000061660438340
36.100000     0.000052469447531
36.200000     0.000060549439451
36.300000     0.000067190182810
36.400000     0.000077340672659
36.500000     0.000048505201495
36.600000     0.000072871427129
36.700000     0.000053252196748
36.800000     0.000073199676800
36.900000     0.000064160185840
37.000000     0.000054312695687
37.100000     0.000071709928290
37.200000     0.000054842945157
37.300000     0.000070169679830
37.400000     0.000071886678113
37.500000     0.000077189172811
37.600000     0.000063099686900
37.700000     0.000067038682961
37.800000     0.000064033935966
37.900000     0.000053605696394
38.000000     0.000063831936168
38.100000     0.000084132915867
38.200000     0.000072492677507
38.300000     0.000066255933744
38.400000     0.000062190687809
38.500000     0.000058655691344
38.600000     0.000083375416625
38.700000     0.000066003433997
38.800000     0.000077492172508
38.900000     0.000071457428543
39.000000     0.000051610948389
39.100000     0.000049691950308
39.200000     0.000067366932633
39.300000     0.000052646197354
39.400000     0.000059135440865
39.500000     0.000054969195031
39.600000     0.000071810928189
39.700000     0.000060751439249
39.800000     0.000068301181699
39.900000     0.000060726189274
40.000000     0.000059160690839
40.100000     0.000077088172912
40.200000     0.000067366932633
40.300000     0.000068856681143
40.400000     0.000069311180689
40.500000     0.000058175941824
40.600000     0.000071987678012
40.700000     0.000055726694273
40.800000     0.000045500454500
40.900000     0.000069866680133
41.000000     0.000057393192607
41.100000     0.000059236440764
41.200000     0.000063831936168
41.300000     0.000077441672558
41.400000     0.000060372689627
41.500000     0.000067190182810
41.600000     0.000054691445309
41.700000     0.000046232703767
41.800000     0.000069361680638
41.900000     0.000067998182002
42.000000     0.000070119179881
42.100000     0.000063781436219
42.200000     0.000047192202808
42.300000     0.000056913443087
42.400000     0.000068831431169
42.500000     0.000065877184123
42.600000     0.000063251186749
42.700000     0.000066129683870
42.800000     0.000057468942531
42.900000     0.000061811938188
43.000000     0.000064841935158
43.100000     0.000054640945359
43.200000     0.000058201191799
43.300000     0.000057519442481
43.400000     0.000073578426422
43.500000     0.000053176446824
43.600000     0.000068124431876
43.700000     0.000069639430361
43.800000     0.000070093929906
43.900000     0.000063528936471
44.000000     0.000074411675588
44.100000     0.000064134935865
44.200000     0.000066735683264
44.300000     0.000059059690940
44.400000     0.000060852439148
44.500000     0.000072543177457
44.600000     0.000060498939501
44.700000     0.000054060195940
44.800000     0.000062544187456
44.900000     0.000059236440764
45.000000     0.000067114432886
45.100000     0.000056029693970
45.200000     0.000058377941622
45.300000     0.000066028683971
45.400000     0.000057216442784
45.500000     0.000058807191193
45.600000     0.000073174426826
45.700000     0.000072214927785
45.800000     0.000061609938390
45.900000     0.000058024441976
46.000000     0.000052115947884
46.100000     0.000047848702151
46.200000     0.000056913443087
46.300000     0.000056837693162
46.400000     0.000061104938895
46.500000     0.000056888193112
46.600000     0.000071406928593
46.700000     0.000045449954550
46.800000     0.000061912938087
46.900000     0.000063554186446
47.000000     0.000068528431472
47.100000     0.000073906676093
47.200000     0.000056029693970
47.300000     0.000064993435007
47.400000     0.000066483183517
47.500000     0.000073957176043
47.600000     0.000050903949096
47.700000     0.000061332188668
47.800000     0.000068376931623
47.900000     0.000052242197758
48.000000     0.000059463690536
48.100000     0.000057544692455
48.200000     0.000067745682254
48.300000     0.000069437430563
48.400000     0.000061306938693
48.500000     0.000062594687405
48.600000     0.000051913948086
48.700000     0.000057746692253
48.800000     0.000057115442885
48.900000     0.000067972932027
49.000000     0.000058933441067
49.100000     0.000060574689425
49.200000     0.000063781436219
49.300000     0.000050777699222
49.400000     0.000068301181699
49.500000     0.000069891930108
49.600000     0.000058630441370
49.700000     0.000062670437330
49.800000     0.000060953439047
49.900000     0.000053100696899
50.000000     0.000045929704070
50.100000     0.000064109685890
50.200000     0.000065018684981
50.300000     0.000064134935865
50.400000     0.000054741945258
50.500000     0.000058958691041
50.600000     0.000054337945662
50.700000     0.000069134430866
50.800000     0.000056029693970
50.900000     0.000065473184527
51.000000     0.000062064437936
51.100000     0.000055726694273
51.200000     0.000055928694071
51.300000     0.000051939198061
51.400000     0.000066306433694
51.500000     0.000055676194324
51.600000     0.000053403696596
51.700000     0.000074815675184
51.800000     0.000060069689930
51.900000     0.000050171699828
52.000000     0.000057165942834
52.100000     0.000052519947480
52.200000     0.000058276941723
52.300000     0.000054741945258
52.400000     0.000066230683769
52.500000     0.000063023936976
52.600000     0.000067518432482
52.700000     0.000073401676598
52.800000     0.000061407938592
52.900000     0.000066659933340
53.000000     0.000068932431068
53.100000     0.000058352691647
53.200000     0.000066205433795
53.300000     0.000058504191496
53.400000     0.000062089687910
53.500000     0.000082441167559
53.600000     0.000052923947076
53.700000     0.000051636198364
53.800000     0.000059211190789
53.900000     0.000047621452379
54.000000     0.000059084940915
54.100000     0.000045096454904
54.200000     0.000058504191496
54.300000     0.000067013432987
54.400000     0.000066306433694
54.500000     0.000052772447228
54.600000     0.000065271184729
54.700000     0.000068402181598
54.800000     0.000069967680032
54.900000     0.000057191192809
55.000000     0.000054817695182
55.100000     0.000052292697707
55.200000     0.000059564690435
55.300000     0.000062645187355
55.400000     0.000062392687607
55.500000     0.000054186445814
55.600000     0.000060372689627
55.700000     0.000056888193112
55.800000     0.000054034945965
55.900000     0.000077441672558
56.000000     0.000072745177255
56.100000     0.000063983436017
56.200000     0.000069967680032
56.300000     0.000072164427836
56.400000     0.000066432683567
56.500000     0.000060145439855
56.600000     0.000073401676598
56.700000     0.000065826684173
56.800000     0.000060044439956
56.900000     0.000072543177457
57.000000     0.000058857691142
57.100000     0.000063377436623
57.200000     0.000076658923341
57.300000     0.000052469447531
57.400000     0.000060524189476
57.500000     0.000081633168367
57.600000     0.000057898192102
57.700000     0.000061407938592
57.800000     0.000059185940814
57.900000     0.000057494192506
58.000000     0.000059387940612
58.100000     0.000073300676699
58.200000     0.000071204928795
58.300000     0.000072745177255
58.400000     0.000053277446723
58.500000     0.000054691445309
58.600000     0.000062443187557
58.700000     0.000059488940511
58.800000     0.000061231188769
58.900000     0.000070977679022
59.000000     0.000056282193718
59.100000     0.000068553681446
59.200000     0.000071962428038
59.300000     0.000065094434906
59.400000     0.000048631451369
59.500000     0.000062089687910
59.600000     0.000077593172407
59.700000     0.000069008180992
59.800000     0.000060726189274
59.900000     0.000065574184426
60.000000     0.000065498434502
60.100000     0.000067972932027
60.200000     0.000073199676800
60.300000     0.000062114937885
60.400000     0.000064740935259
60.500000     0.000061130188870
60.600000     0.000071331178669
60.700000     0.000072593677406
60.800000     0.000079310170690
60.900000     0.000072265427735
61.000000     0.000074992425008
61.100000     0.000055095444905
61.200000     0.000064235935764
61.300000     0.000068149681850
61.400000     0.000072214927785
61.500000     0.000051333198667
61.600000     0.000060271689728
61.700000     0.000052646197354
61.800000     0.000070321179679
61.900000     0.000062215937784
62.000000     0.000076633673366
62.100000     0.000070649429351
62.200000     0.000067947682052
62.300000     0.000052317947682
62.400000     0.000075093424907
62.500000     0.000067417432583
62.600000     0.000064336935663
62.700000     0.000062796687203
62.800000     0.000075800424200
62.900000     0.000078199171801
63.000000     0.000055953944046
63.100000     0.000066659933340
63.200000     0.000070800929199
63.300000     0.000071255428745
63.400000     0.000066988183012
63.500000     0.000070598929401
63.600000     0.000072240177760
63.700000     0.000056054943945
63.800000     0.000063301686698
63.900000     0.000053151196849
64.000000     0.000064690435310
64.100000     0.000050121199879
64.200000     0.000076254923745
64.300000     0.000061811938188
64.400000     0.000070876679123
64.500000     0.000063074436926
64.600000     0.000054842945157
64.700000     0.000072366427634
64.800000     0.000076507423493
64.900000     0.000057898192102
65.000000     0.000046762953237
65.100000     0.000066104433896
65.200000     0.000080395919604
65.300000     0.000059539440461
65.400000     0.000061761438239
65.500000     0.000067972932027
65.600000     0.000062998687001
65.700000     0.000054161195839
65.800000     0.000070396929603
65.900000     0.000062417937582
66.000000     0.000066457933542
66.100000     0.000067695182305
66.200000     0.000064665185335
66.300000     0.000063857186143
66.400000     0.000060549439451
66.500000     0.000058175941824
66.600000     0.000062089687910
66.700000     0.000069563680436
66.800000     0.000056711443289
66.900000     0.000065144934855
67.000000     0.000055145944854
67.100000     0.000057923442077
67.200000     0.000065321684678
67.300000     0.000060827189173
67.400000     0.000070447429553
67.500000     0.000059514190486
67.600000     0.000064387435613
67.700000     0.000055120694879
67.800000     0.000066811433189
67.900000     0.000067265932734
68.000000     0.000060751439249
68.100000     0.000072416927583
68.200000     0.000053933946066
68.300000     0.000058453691546
68.400000     0.000063023936976
68.500000     0.000056383193617
68.600000     0.000054842945157
68.700000     0.000059236440764
68.800000     0.000061988688011
68.900000     0.000070548429452
69.000000     0.000059312190688
69.100000     0.000053959196041
69.200000     0.000061559438441
69.300000     0.000054438945561
69.400000     0.000072972427028
69.500000     0.000053580446420
69.600000     0.000069412180588
69.700000     0.000060044439956
69.800000     0.000070649429351
69.900000     0.000063958186042
70.000000     0.000080749419251
70.100000     0.000064942935057
70.200000     0.000061130188870
70.300000     0.000056635693364
70.400000     0.000061811938188
70.500000     0.000063831936168
70.600000     0.000069008180992
70.700000     0.000064008685991
70.800000     0.000063579436421
70.900000     0.000052191697808
71.000000     0.000057367942632
71.100000     0.000055726694273
71.200000     0.000066811433189
71.300000     0.000062998687001
71.400000     0.000075244924755
71.500000     0.000057342692657
71.600000     0.000056938693061
71.700000     0.000063907686092
71.800000     0.000075800424200
71.900000     0.000061003938996
72.000000     0.000056862943137
72.100000     0.000070624179376
72.200000     0.000059261690738
72.300000     0.000062291687708
72.400000     0.000064867185133
72.500000     0.000044768205232
72.600000     0.000057064942935
72.700000     0.000062342187658
72.800000     0.000062695687304
72.900000     0.000061357438643
73.000000     0.000050802949197
73.100000     0.000073477426523
73.200000     0.000065422684577
73.300000     0.000065725684274
73.400000     0.000063882436118
73.500000     0.000064235935764
73.600000     0.000060246439754
73.700000     0.000058680941319
73.800000     0.000067316432684
73.900000     0.000051080698919
74.000000     0.000055474194526
74.100000     0.000061534188466
74.200000     0.000058630441370
74.300000     0.000046535703464
74.400000     0.000063806686193
74.500000     0.000061660438340
74.600000     0.000049641450359
74.700000     0.000079057670942
74.800000     0.000059185940814
74.900000     0.000064993435007
75.000000     0.000072618927381
75.100000     0.000051863448137
75.200000     0.000057140692859
75.300000     0.000048833451167
75.400000     0.000067316432684
75.500000     0.000065018684981
75.600000     0.000073048176952
75.700000     0.000063276436724
75.800000     0.000071861428139
75.900000     0.000064867185133
76.000000     0.000073553176447
76.100000     0.000074083425917
76.200000     0.000055070194930
76.300000     0.000049414200586
76.400000     0.000057140692859
76.500000     0.000054287445713
76.600000     0.000067897182103
76.700000     0.000063503686496
76.800000     0.000051661448339
76.900000     0.000065321684678
77.000000     0.000051434198566
77.100000     0.000051509948490
77.200000     0.000084435915564
77.300000     0.000045348954651
77.400000     0.000062342187658
77.500000     0.000068705181295
77.600000     0.000070927179073
77.700000     0.000070598929401
77.800000     0.000067998182002
77.900000     0.000061685688314
78.000000     0.000069588930411
78.100000     0.000071280678719
78.200000     0.000058049691950
78.300000     0.000077062922937
78.400000     0.000064740935259
78.500000     0.000062619937380
78.600000     0.000055019694980
78.700000     0.000055953944046
78.800000     0.000064059185941
78.900000     0.000076128673871
79.000000     0.000065548934451
79.100000     0.000057797192203
79.200000     0.000058807191193
79.300000     0.000072265427735
79.400000     0.000060044439956
79.500000     0.000069159680840
79.600000     0.000052166447834
79.700000     0.000066558933441
79.800000     0.000057923442077
79.900000     0.000058251691748
80.000000     0.000053428946571
80.100000     0.000066735683264
80.200000     0.000060397939602
80.300000     0.000059968690031
80.400000     0.000059968690031
80.500000     0.000055499444501
80.600000     0.000061887688112
80.700000     0.000061180688819
80.800000     0.000055777194223
80.900000     0.000064892435108
81.000000     0.000060726189274
81.100000     0.000065043934956
81.200000     0.000058150691849
81.300000     0.000067291182709
81.400000     0.000074638925361
81.500000     0.000057342692657
81.600000     0.000061054438946
81.700000     0.000058251691748
81.800000     0.000061231188769
81.900000     0.000060574689425
82.000000     0.000066609433391
82.100000     0.000055499444501
82.200000     0.000061761438239
82.300000     0.000058327441673
82.400000     0.000060448439552
82.500000     0.000063074436926
82.600000     0.000051711948288
82.700000     0.000071129178871
82.800000     0.000070043429957
82.900000     0.000062367437633
83.000000     0.000055953944046
83.100000     0.000070093929906
83.200000     0.000058175941824
83.300000     0.000069816180184
83.400000     0.000067366932633
83.500000     0.000078274921725
83.600000     0.000072012927987
83.700000     0.000052242197758
83.800000     0.000066281183719
83.900000     0.000062493687506
84.000000     0.000054186445814
84.100000     0.000056963943036
84.200000     0.000064008685991
84.300000     0.000048959701040
84.400000     0.000062316937683
84.500000     0.000070119179881
84.600000     0.000055145944854
84.700000     0.000047873952126
84.800000     0.000058150691849
84.900000     0.000065574184426
85.000000     0.000057494192506
85.100000     0.000065144934855
85.200000     0.000067417432583
85.300000     0.000069765680234
85.400000     0.000049540450460
85.500000     0.000048328451672
85.600000     0.000073906676093
85.700000     0.000054716695283
85.800000     0.000061811938188
85.900000     0.000065170184830
86.000000     0.000052898697101
86.100000     0.000065043934956
86.200000     0.000075068174932
86.300000     0.000057216442784
86.400000     0.000068907181093
86.500000     0.000059690940309
86.600000     0.000057418442582
86.700000     0.000069058680941
86.800000     0.000063427936572
86.900000     0.000073603676396
87.000000     0.000063680436320
87.100000     0.000057746692253
87.200000     0.000060423189577
87.300000     0.000062392687607
87.400000     0.000064185435815
87.500000     0.000065473184527
87.600000     0.000071886678113
87.700000     0.000071785678214
87.800000     0.000070270679729
87.900000     0.000059564690435
88.000000     0.000066457933542
88.100000     0.000049363700636
88.200000     0.000066053933946
88.300000     0.000057847692152
88.400000     0.000073401676598
88.500000     0.000053731946268
88.600000     0.000071760428240
88.700000     0.000069689930310
88.800000     0.000063427936572
88.900000     0.000070548429452
89.000000     0.000066356933643
89.100000     0.000056206443794
89.200000     0.000056736693263
89.300000     0.000073477426523
89.400000     0.000052747197253
89.500000     0.000058276941723
89.600000     0.000078729421271
89.700000     0.000055625694374
89.800000     0.000046409453591
89.900000     0.000058908191092
90.000000     0.000060094939905
90.100000     0.000064134935865
90.200000     0.000061660438340
90.300000     0.000061433188567
90.400000     0.000071406928593
90.500000     0.000070674679325
90.600000     0.000057519442481
90.700000     0.000044364205636
90.800000     0.000062215937784
90.900000     0.000053252196748
91.000000     0.000063301686698
91.100000     0.000064033935966
91.200000     0.000066356933643
91.300000     0.000054741945258
91.400000     0.000063730936269
91.500000     0.000066912433088
91.600000     0.000068503181497
91.700000     0.000058529441471
91.800000     0.000063049186951
91.900000     0.000057999192001
92.000000     0.000071709928290
92.100000     0.000049893950106
92.200000     0.000053151196849
92.300000     0.000043505706494
92.400000     0.000061357438643
92.500000     0.000060094939905
92.600000     0.000059185940814
92.700000     0.000059438440562
92.800000     0.000059110190890
92.900000     0.000054666195334
93.000000     0.000059185940814
93.100000     0.000066558933441
93.200000     0.000060776689223
93.300000     0.000060902939097
93.400000     0.000057771942228
93.500000     0.000063453186547
93.600000     0.000063225936774
93.700000     0.000055726694273
93.800000     0.000060726189274
93.900000     0.000059716190284
94.000000     0.000058756691243
94.100000     0.000054792445208
94.200000     0.000076280173720
94.300000     0.000050171699828
94.400000     0.000076103423897
94.500000     0.000064614685385
94.600000     0.000047899202101
94.700000     0.000058554691445
94.800000     0.000057393192607
94.900000     0.000052974447026
95.000000     0.000075017674982
95.100000     0.000053125946874
95.200000     0.000066861933138
95.300000     0.000061887688112
95.400000     0.000054817695182
95.500000     0.000057797192203
95.600000     0.000053176446824
95.700000     0.000055878194122
95.800000     0.000058428441572
95.900000     0.000065170184830
96.000000     0.000056231693768
96.100000     0.000057746692253
96.200000     0.000054060195940
96.300000     0.000046283203717
96.400000     0.000060069689930
96.500000     0.000049742450258
96.600000     0.000061155438845
96.700000     0.000050297949702
96.800000     0.000049994950005
96.900000     0.000066584183416
97.000000     0.000057822442178
97.100000     0.000070346429654
97.200000     0.000059387940612
97.300000     0.000052873447127
97.400000     0.000059514190486
97.500000     0.000052418947581
97.600000     0.000050045449955
97.700000     0.000053706696293
97.800000     0.000060650439350
97.900000     0.000066432683567
98.000000     0.000061912938087
98.100000     0.000058882941117
98.200000     0.000062367437633
98.300000     0.000055171194829
98.400000     0.000059690940309
98.500000     0.000073199676800
98.600000     0.000065877184123
98.700000     0.000068073931926
98.800000     0.000067164932835
98.900000     0.000061483688516
99.000000     0.000055878194122
99.100000     0.000062821937178
99.200000     0.000068452681547
99.300000     0.000061155438845
99.400000     0.000077971922028
99.500000     0.000065927684072
99.600000     0.000054413695586
99.700000     0.000054312695687
99.800000     0.000051838198162
99.900000     0.000055979194021
100.000000     0.000056054943945
100.100000     0.000048833451167
100.200000     0.000074184425816
100.300000     0.000066937683062
100.400000     0.000062165437835
100.500000     0.000051989698010
100.600000     0.000059387940612
100.700000     0.000067190182810
100.800000     0.000060397939602
100.900000     0.000069816180184
101.000000     0.000066053933946
101.100000     0.000067291182709
101.200000     0.000068629431371
101.300000     0.000069992930007
101.400000     0.000059362690637
101.500000     0.000053630946369
101.600000     0.000054363195637
101.700000     0.000046409453591
101.800000     0.000058781941218
101.900000     0.000058807191193
102.000000     0.000066912433088
102.100000     0.000048656701343
102.200000     0.000062998687001
102.300000     0.000068200181800
102.400000     0.000063352186648
102.500000     0.000068452681547
102.600000     0.000055549944450
102.700000     0.000041207958792
102.800000     0.000065599434401
102.900000     0.000057670942329
103.000000     0.000064968185032
103.100000     0.000064109685890
103.200000     0.000061862438138
103.300000     0.000058352691647
103.400000     0.000058832441168
103.500000     0.000060423189577
103.600000     0.000054615695384
103.700000     0.000061433188567
103.800000     0.000054211695788
103.900000     0.000059716190284
104.000000     0.000061079688920
104.100000     0.000053706696293
104.200000     0.000055347944652
104.300000     0.000069942430058
104.400000     0.000058453691546
104.500000     0.000052368447632
104.600000     0.000069942430058
104.700000     0.000047192202808
104.800000     0.000058882941117
104.900000     0.000061003938996
105.000000     0.000067190182810
105.100000     0.000059867690132
105.200000     0.000056509443491
105.300000     0.000062847187153
105.400000     0.000058453691546
105.500000     0.000058605191395
105.600000     0.000056130693869
105.700000     0.000056307443693
105.800000     0.000052115947884
105.900000     0.000057494192506
106.000000     0.000050449449551
106.100000     0.000051812948187
106.200000     0.000060524189476
106.300000     0.000059135440865
106.400000     0.000065170184830
106.500000     0.000055474194526
106.600000     0.000071911928088
106.700000     0.000053984446016
106.800000     0.000054262195738
106.900000     0.000050777699222
107.000000     0.000071255428745
107.100000     0.000059539440461
107.200000     0.000057468942531
107.300000     0.000057115442885
107.400000     0.000068326431674
107.500000     0.000072366427634
107.600000     0.000060852439148
107.700000     0.000064008685991
107.800000     0.000061887688112
107.900000     0.000054893445107
108.000000     0.000056256943743
108.100000     0.000059211190789
108.200000     0.000049792950207
108.300000     0.000069513180487
108.400000     0.000052721947278
108.500000     0.000051080698919
108.600000     0.000051307948692
108.700000     0.000055474194526
108.800000     0.000058428441572
108.900000     0.000061306938693
109.000000     0.000054034945965
109.100000     0.000067745682254
109.200000     0.000061407938592
109.300000     0.000059918190082
109.400000     0.000067417432583
109.500000     0.000055676194324
109.600000     0.000059362690637
109.700000     0.000066331683668
109.800000     0.000059362690637
109.900000     0.000062468437532
110.000000     0.000059690940309
110.100000     0.000055171194829
110.200000     0.000055953944046
110.300000     0.000059034440966
110.400000     0.000059766690233
110.500000     0.000055827694172
110.600000     0.000047823452177
110.700000     0.000066634683365
110.800000     0.000069437430563
110.900000     0.000045197454803
111.000000     0.000068553681446
111.100000     0.000068831431169
111.200000     0.000054918695081
111.300000     0.000071356428644
111.400000     0.000058428441572
111.500000     0.000053933946066
111.600000     0.000069563680436
111.700000     0.000049641450359
111.800000     0.000064134935865
111.900000     0.000063478436522
112.000000     0.000065018684981
112.100000     0.000057165942834
112.200000     0.000054161195839
112.300000     0.000046560953439
112.400000     0.000063175436825
112.500000     0.000054009695990
112.600000     0.000065851934148
112.700000     0.000055196444804
112.800000     0.000054817695182
112.900000     0.000058024441976
113.000000     0.000068503181497
113.100000     0.000060094939905
113.200000     0.000052772447228
113.300000     0.000048050701949
113.400000     0.000059589940410
113.500000     0.000060928189072
113.600000     0.000067038682961
113.700000     0.000045803454197
113.800000     0.000064917685082
113.900000     0.000060902939097
114.000000     0.000059463690536
114.100000     0.000052747197253
114.200000     0.000058276941723
114.300000     0.000054312695687
114.400000     0.000064892435108
114.500000     0.000064286435714
114.600000     0.000072543177457
114.700000     0.000062645187355
114.800000     0.000060700939299
114.900000     0.000067568932431
115.000000     0.000052040197960
115.100000     0.000058857691142
115.200000     0.000057367942632
115.300000     0.000055751944248
115.400000     0.000057140692859
115.500000     0.000059438440562
115.600000     0.000062266437734
115.700000     0.000056004443996
115.800000     0.000054590445410
115.900000     0.000058579941420
116.000000     0.000063655186345
116.100000     0.000061357438643
116.200000     0.000059892940107
116.300000     0.000061231188769
116.400000     0.000071432178568
116.500000     0.000071078678921
116.600000     0.000057670942329
116.700000     0.000053277446723
116.800000     0.000052519947480
116.900000     0.000064690435310
117.000000     0.000057191192809
117.100000     0.000059665690334
117.200000     0.000043833956166
117.300000     0.000062089687910
117.400000     0.000059438440562
117.500000     0.000059539440461
117.600000     0.000048202201798
117.700000     0.000053125946874
117.800000     0.000064235935764
117.900000     0.000055777194223
118.000000     0.000055549944450
118.100000     0.000071078678921
118.200000     0.000054009695990
118.300000     0.000066382183618
118.400000     0.000057443692556
118.500000     0.000057872942127
118.600000     0.000047949702050
118.700000     0.000051989698010
118.800000     0.000056888193112
118.900000     0.000052115947884
119.000000     0.000061862438138
119.100000     0.000055751944248
119.200000     0.000071331178669
119.300000     0.000068578931421
119.400000     0.000061635188365
119.500000     0.000054817695182
119.600000     0.000060246439754
119.700000     0.000044389455611
119.800000     0.000054842945157
119.900000     0.000054943945056
120.000000     0.000059665690334
120.100000     0.000052090697909
120.200000     0.000064993435007
120.300000     0.000059842440158
120.400000     0.000049691950308
120.500000     0.000062922937077
120.600000     0.000060852439148
120.700000     0.000066356933643
120.800000     0.000061433188567
120.900000     0.000047545702454
121.000000     0.000061407938592
121.100000     0.000057544692455
121.200000     0.000060170689829
121.300000     0.000053327946672
121.400000     0.000056812443188
121.500000     0.000048808201192
121.600000     0.000057569942430
121.700000     0.000066609433391
121.800000     0.000048429451571
121.900000     0.000048782951217
122.000000     0.000060145439855
122.100000     0.000060574689425
122.200000     0.000046459953540
122.300000     0.000055322694677
122.400000     0.000062518937481
122.500000     0.000064589435411
122.600000     0.000058024441976
122.700000     0.000052570447430
122.800000     0.000058579941420
122.900000     0.000046863953136
123.000000     0.000058049691950
123.100000     0.000047368952631
123.200000     0.000060044439956
123.300000     0.000055196444804
123.400000     0.000050121199879
123.500000     0.000043000706999
123.600000     0.000075573174427
123.700000     0.000062089687910
123.800000     0.000059615190385
123.900000     0.000057292192708
124.000000     0.000066760933239
124.100000     0.000051131198869
124.200000     0.000052671447329
124.300000     0.000054489445511
124.400000     0.000055373194627
124.500000     0.000062367437633
124.600000     0.000040349459651
124.700000     0.000050550449450
124.800000     0.000049464700535
124.900000     0.000044136955863
125.000000     0.000064892435108
125.100000     0.000052065447935
125.200000     0.000057544692455
125.300000     0.000051206948793
125.400000     0.000061584688415
125.500000     0.000066508433492
125.600000     0.000046207453793
125.700000     0.000055701444299
125.800000     0.000059034440966
125.900000     0.000056433693566
126.000000     0.000049641450359
126.100000     0.000049944450056
126.200000     0.000057620442380
126.300000     0.000052923947076
126.400000     0.000048959701040
126.500000     0.000054287445713
126.600000     0.000050979699020
126.700000     0.000050348449652
126.800000     0.000055474194526
126.900000     0.000054842945157
127.000000     0.000052671447329
127.100000     0.000052545197455
127.200000     0.000050222199778
127.300000     0.000057595192405
127.400000     0.000041662458338
127.500000     0.000051509948490
127.600000     0.000040248459752
127.700000     0.000063528936471
127.800000     0.000050323199677
127.900000     0.000034516715483
128.000000     0.000048555701444
128.100000     0.000039945460055
128.200000     0.000071406928593
128.300000     0.000055726694273
128.400000     0.000051030198970
128.500000     0.000055953944046
128.600000     0.000054034945965
128.700000     0.000064715685284
128.800000     0.000052418947581
128.900000     0.000052242197758
129.000000     0.000050954449046
129.100000     0.000057241692758
129.200000     0.000049035450965
129.300000     0.000044389455611
129.400000     0.000050626199374
129.500000     0.000061357438643
129.600000     0.000051105948894
129.700000     0.000045045954954
129.800000     0.000061357438643
129.900000     0.000050297949702
130.000000     0.000048681951318
130.100000     0.000050146449854
130.200000     0.000045096454904
130.300000     0.000046257953742
130.400000     0.000045096454904
130.500000     0.000049742450258
130.600000     0.000043076456924
130.700000     0.000049666700333
130.800000     0.000044667205333
130.900000     0.000041788708211
131.000000     0.000044869205131
131.100000     0.000036183213817
131.200000     0.000056080193920
131.300000     0.000046712453288
131.400000     0.000051535198465
131.500000     0.000047772952227
131.600000     0.000051585698414
131.700000     0.000039844460156
131.800000     0.000045071204929
131.900000     0.000054640945359
132.000000     0.000047091202909
132.100000     0.000047192202808
132.200000     0.000051939198061
132.300000     0.000045500454500
132.400000     0.000046762953237
132.500000     0.000048126451874
132.600000     0.000045197454803
132.700000     0.000051459448541
132.800000     0.000054438945561
132.900000     0.000046535703464
133.000000     0.000048555701444
133.100000     0.000057670942329
133.200000     0.000035248964751
133.300000     0.000049868700131
133.400000     0.000043783456217
133.500000     0.000043758206242
133.600000     0.000044338955661
133.700000     0.000051307948692
133.800000     0.000041864458136
133.900000     0.000054817695182
134.000000     0.000051206948793
134.100000     0.000046257953742
134.200000     0.000048151701848
134.300000     0.000047166952833
134.400000     0.000048631451369
134.500000     0.000050550449450
134.600000     0.000059892940107
134.700000     0.000049186950813
134.800000     0.000048328451672
134.900000     0.000059564690435
135.000000     0.000049742450258
135.100000     0.000045045954954
135.200000     0.000044212705787
135.300000     0.000052671447329
135.400000     0.000041435208565
135.500000     0.000048378951621
135.600000     0.000048404201596
135.700000     0.000055044944955
135.800000     0.000039415210585
135.900000     0.000063907686092
136.000000     0.000066432683567
136.100000     0.000051863448137
136.200000     0.000064286435714
136.300000     0.000069285930714
136.400000     0.000049464700535
136.500000     0.000050121199879
136.600000     0.000050323199677
136.700000     0.000060978689021
136.800000     0.000069412180588
136.900000     0.000058882941117
137.000000     0.000051131198869
137.100000     0.000055196444804
137.200000     0.000073275426725
137.300000     0.000059160690839
137.400000     0.000053378446622
137.500000     0.000061786688213
137.600000     0.000051282698717
137.700000     0.000074411675588
137.800000     0.000081153418847
137.900000     0.000074032925967
138.000000     0.000075497424503
138.100000     0.000070573679426
138.200000     0.000061963438037
138.300000     0.000069538430462
138.400000     0.000084183415817
138.500000     0.000086683163317
138.600000     0.000081052418948
138.700000     0.000079512170488
138.800000     0.000088753661246
138.900000     0.000097136652863
139.000000     0.000095722654277
139.100000     0.000100368649631
139.200000     0.000097919402081
139.300000     0.000103701646298
139.400000     0.000092667407333
139.500000     0.000103878396122
139.600000     0.000109862640137
139.700000     0.000115569134431
139.800000     0.000125845874154
139.900000     0.000103322896677
140.000000     0.000116932633067
140.100000     0.000147434602565
140.200000     0.000141475608524
140.300000     0.000126603373397
140.400000     0.000187834562165
140.500000     0.000130062619937
140.600000     0.000181749318251
140.700000     0.000186319563680
140.800000     0.000205736794263
140.900000     0.000245859004141
141.000000     0.000236011513988
141.100000     0.000246338753661
141.200000     0.000259493990506
141.300000     0.000292520957479
141.400000     0.000316659933340
141.500000     0.000310877689122
141.600000     0.000354206645793
141.700000     0.000389455610544
141.800000     0.000472452277548
141.900000     0.000444525805474
142.000000     0.000542369457631
142.100000     0.000642738107262
142.200000     0.000642738107262
142.300000     0.000615266134734
142.400000     0.000866149883850
142.500000     0.000852893647106
142.600000     0.000990329259671
142.700000     0.001066255933744
142.800000     0.001113195636804
142.900000     0.001303428946571
143.000000     0.001352312897687
143.100000     0.001606958893041
143.200000     0.002162508837491
143.300000     0.002126653873346
143.400000     0.002195056054944
143.500000     0.003047747702252
143.600000     0.002933819816180
143.700000     0.003156625593374
143.800000     0.004176042823957
143.900000     0.004465483284517
144.000000     0.005290046459954
144.100000     0.005860367639632
144.200000     0.007008913241087
144.300000     0.007872437127563
144.400000     0.009214801535198
144.500000     0.000000000000000
144.600000     0.000000000000000
144.700000     0.000000000000000
144.800000     0.000000000000000
144.900000     0.000000000000000
